family edd kappa radius
x4 10.185 100000 100 1.3 5.98022 18.6915
x4 10.185 100000 100 1.32 5.99087 18.7013
x4 10.185 100000 100 1.404 6.0349 18.7494
x4 10.185 100000 100 1.42 6.0433 18.7601
x4 10.185 100000 100 1.45 6.05923 18.7815
x4 10.185 100000 100 1.467 6.06842 18.7947
x4 10.185 100000 100 1.5 6.08674 18.8226
x4 10.185 100000 100 1.55 6.11637 18.8719
x4 10.185 100000 100 1.6 6.14966 18.932
x6 10.185 100000 100 1.3 7.91288 22.1712
x6 10.185 100000 100 1.32 7.92782 22.1826
x6 10.185 100000 100 1.404 7.98807 22.2343
x6 10.185 100000 100 1.42 7.99925 22.2451
x6 10.185 100000 100 1.45 8.02008 22.2663
x6 10.185 100000 100 1.467 8.03188 22.2789
x6 10.185 100000 100 1.5 8.0549 22.3051
x6 10.185 100000 100 1.55 8.09068 22.3497
x6 10.185 100000 100 1.6 8.12874 22.402
x8 10.185 100000 100 1.3 9.06523 24.0774
x8 10.185 100000 100 1.32 9.08264 24.0895
x8 10.185 100000 100 1.404 9.15186 24.1424
x8 10.185 100000 100 1.42 9.16447 24.153
x8 10.185 100000 100 1.45 9.18878 24.1735
x8 10.185 100000 100 1.467 9.2008 24.1856
x8 10.185 100000 100 1.5 9.11592 24.2101
x8 10.185 100000 100 1.55 9.26402 24.2507
x8 10.185 100000 100 1.6 9.3032 24.2969
x10 10.185 100000 100 1.3 9.82513 25.28
x10 10.185 100000 100 1.32 9.84416 25.2925
x10 10.185 100000 100 1.404 9.91907 25.3459
x10 10.185 100000 100 1.42 9.93256 25.3564
x10 10.185 100000 100 1.45 9.95732 25.3763
x10 10.185 100000 100 1.467 9.97109 25.3879
x10 10.185 100000 100 1.5 9.99738 25.4111
x10 10.185 100000 100 1.55 10.0366 25.4488
x10 10.185 100000 100 1.6 10.076 25.4907
