x2 10.185 100000 100 1.3 29.346654002875344
x2 10.185 100000 100 1.32 29.179687915016846
x2 10.185 100000 100 1.35 28.927611230018307
x2 10.185 100000 100 1.4 28.500743660136212
x2 10.185 100000 100 1.425 28.28285641826428
x2 10.185 100000 100 1.45 28.06107956416788
x2 10.185 100000 100 1.467 27.9076531684565
x2 10.185 100000 100 1.48 27.78870268778915
x2 10.185 100000 100 1.5 27.60262418167215
x2 10.185 100000 100 1.55 27.11778182203512
x2 10.185 100000 100 1.6 26.59638210030352
x2 10.185 100000 100 1.65 26.02390811515868
x2 10.185 200000 100 1.3 33.725793810285374
x2 10.185 200000 100 1.32 33.47125801573683
x2 10.185 200000 100 1.35 33.08287634509752
x2 10.185 200000 100 1.4 32.41224176222843
x2 10.185 200000 100 1.425 32.06260615900731
x2 10.185 200000 100 1.45 31.70079742026313
x2 10.185 200000 100 1.467 31.446580799940143
x2 10.185 200000 100 1.48 31.247061092061468
x2 10.185 200000 100 1.5 30.930275474790108
x2 10.185 200000 100 1.55 30.07295747335213
x2 10.185 200000 100 1.6 29.08179289568153
x2 10.185 200000 100 1.65 27.861863250874137
x4 10.185 100000 100 1.3 13.853989990642187
x4 10.185 100000 100 1.32 13.814523039868195
x4 10.185 100000 100 1.35 13.754723496203807
x4 10.185 100000 100 1.4 13.652860974545893
x4 10.185 100000 100 1.425 13.600573197918303
x4 10.185 100000 100 1.45 13.547144424072084
x4 10.185 100000 100 1.467 13.510058628461053
x4 10.185 100000 100 1.48 13.481236017258594
x4 10.185 100000 100 1.5 13.436023682858053
x4 10.185 100000 100 1.55 13.31749843538073
x4 10.185 100000 100 1.6 13.188847874257222
x4 10.185 100000 100 1.65 13.046134059496323
x6 10.185 100000 100 1.3 10.787321735461747
x6 10.185 100000 100 1.32 10.766824869713211
x6 10.185 100000 100 1.35 10.735731039580259
x6 10.185 100000 100 1.4 10.68266230692255
x6 10.185 100000 100 1.425 10.65536981568906
x6 10.185 100000 100 1.45 10.62744567908437
x6 10.185 100000 100 1.467 10.60804134812471
x6 10.185 100000 100 1.48 10.59294837042286
x6 10.185 100000 100 1.5 10.56925131221709
x6 10.185 100000 100 1.55 10.507002074694354
x6 10.185 100000 100 1.6 10.439225700608093
x6 10.185 100000 100 1.65 10.363782205977977
x8 10.185 100000 100 1.3 9.518817818026083
x8 10.185 100000 100 1.32 9.50524965607555
x8 10.185 100000 100 1.35 9.484654312974202
x8 10.185 100000 100 1.4 9.449469201425797
x8 10.185 100000 100 1.425 9.431357010792443
x8 10.185 100000 100 1.45 9.412813477028822
x8 10.185 100000 100 1.467 9.399920717718826
x8 10.185 100000 100 1.48 9.389888461352529
x8 10.185 100000 100 1.5 9.374129606631758
x8 10.185 100000 100 1.55 9.3326912563814
x8 10.185 100000 100 1.6 9.28750390718746
x8 10.185 100000 100 1.65 9.237118118851557
x10 10.185 100000 100 1.3 8.830486759730267
x10 10.185 100000 100 1.32 8.820415664723969
x10 10.185 100000 100 1.35 8.80512315263835
x10 10.185 100000 100 1.4 8.778981976466174
x10 10.185 100000 100 1.425 8.765517710855313
x10 10.185 100000 100 1.45 8.751727766778602
x10 10.185 100000 100 1.467 8.742136600212579
x10 10.185 100000 100 1.48 8.734671420121574
x10 10.185 100000 100 1.5 8.722942256872013
x10 10.185 100000 100 1.55 8.692080778466108
x10 10.185 100000 100 1.6 8.65839585621446
x10 10.185 100000 100 1.65 8.620797188289403
