x2 10.185 100000 100 1.3 29.34665375269152
x2 10.185 100000 100 1.32 29.179687712684547
x2 10.185 100000 100 1.35 28.927610760174037
x2 10.185 100000 100 1.4 28.500743337939888
x2 10.185 100000 100 1.425 28.28285613121689
x2 10.185 100000 100 1.45 28.06107929988007
x2 10.185 100000 100 1.467 27.907653052056595
x2 10.185 100000 100 1.48 27.788702549232802
x2 10.185 100000 100 1.5 27.6026240991481
x2 10.185 100000 100 1.55 27.117781593149694
x2 10.185 100000 100 1.6 26.596382096332132
x2 10.185 100000 100 1.65 26.02390796482353
x2 10.185 100000 100 1.7 25.37788983978697
x2 10.185 100000 100 2. 21.006494424507235
x2 10.185 100000 100 3. 31.714917546480265
x2 10.185 150000 100 1.3 31.891635867959234
x2 10.185 150000 100 1.32 31.67877795712617
x2 10.185 150000 100 1.35 31.355576203867642
x2 10.185 150000 100 1.4 30.802558834301202
x2 10.185 150000 100 1.425 30.51712416709467
x2 10.185 150000 100 1.45 30.224098471250464
x2 10.185 150000 100 1.467 30.019766030015237
x2 10.185 150000 100 1.48 29.860364289099145
x2 10.185 150000 100 1.5 29.60914785791637
x2 10.185 150000 100 1.55 28.942362375718368
x2 10.185 150000 100 1.6 28.20069199596023
x2 10.185 150000 100 1.65 27.34571390510019
x2 10.185 150000 100 1.7 26.302465093939947
x2 10.185 150000 100 2. 24.10580809937745
x2 10.185 150000 100 3. 36.11197871262597
x2 10.185 200000 100 1.3 33.725793810285374
x2 10.185 200000 100 1.32 33.47125801573683
x2 10.185 200000 100 1.35 33.08287634509752
x2 10.185 200000 100 1.4 32.41224176222843
x2 10.185 200000 100 1.425 32.06260615900731
x2 10.185 200000 100 1.45 31.70079742026313
x2 10.185 200000 100 1.467 31.446580799940143
x2 10.185 200000 100 1.48 31.247061092061468
x2 10.185 200000 100 1.5 30.930275474790108
x2 10.185 200000 100 1.55 30.07295747335213
x2 10.185 200000 100 1.6 29.08179289568153
x2 10.185 200000 100 1.65 27.861863250874137
x2 10.185 200000 100 1.7 26.144258204516856
x2 10.185 200000 100 2. 26.550381429221183
x2 10.185 200000 100 3. 39.55644198308384
x2 10.185 300000 100 1.3 36.313540580305386
x2 10.185 300000 100 1.32 35.98248717775173
x2 10.185 300000 100 1.35 35.472959347185316
x2 10.185 300000 100 1.4 34.578318417960844
x2 10.185 300000 100 1.425 34.10290685177134
x2 10.185 300000 100 1.45 33.60306360998315
x2 10.185 300000 100 1.467 33.24631608730703
x2 10.185 300000 100 1.48 32.96268048897157
x2 10.185 300000 100 1.5 32.504842472389754
x2 10.185 300000 100 1.55 31.20582958927931
x2 10.185 300000 100 1.6 29.524069868246162
x2 10.185 300000 100 1.65 26.651271708417333
x2 10.185 300000 100 1.7 24.908252727544177
x2 10.185 300000 100 3. 44.91867942474362
x2 10.185 500000 100 1.3 39.4791058094151
x2 10.185 500000 100 1.32 39.00744060021601
x2 10.185 500000 100 1.35 38.269954898638595
x2 10.185 500000 100 1.4 36.93221289440679
x2 10.185 500000 100 1.425 36.19217510095229
x2 10.185 500000 100 1.45 35.384724110607806
x2 10.185 500000 100 1.467 34.78499506602655
x2 10.185 500000 100 1.48 34.290681946176875
x2 10.185 500000 100 1.5 33.45068583628405
x2 10.185 500000 100 1.55 30.50841603230388
x2 10.185 500000 100 1.6 27.083983231052272
x2 10.185 500000 100 1.65 28.336344590795704
x2 10.185 500000 100 1.7 29.521279093102304
x2 10.185 500000 100 2. 35.487593116831995
x2 10.185 500000 100 3. 52.64139766440125
x2 10.185 1000000 100 1.3 43.21915833724068
x2 10.185 1000000 100 1.32 42.40606360722708
x2 10.185 1000000 100 1.35 41.07984805452428
x2 10.185 1000000 100 1.4 38.40580318381205
x2 10.185 1000000 100 1.425 36.651462686285896
x2 10.185 1000000 100 1.45 34.17601916007061
x2 10.185 1000000 100 1.467 30.125623999356847
x2 10.185 1000000 100 1.48 30.047279921090443
x2 10.185 1000000 100 1.5 30.76330937958965
x2 10.185 1000000 100 1.55 32.42649903494176
x2 10.185 1000000 100 1.6 33.971215966186236
x2 10.185 1000000 100 1.7 36.818466115281204
x2 10.185 1000000 100 2. 43.85597896533209
x2 10.185 1000000 100 3. 64.94380022001978
x4 10.185 100000 100 1.3 13.85399014501606
x4 10.185 100000 100 1.32 13.814523204074264
x4 10.185 100000 100 1.35 13.754723469825473
x4 10.185 100000 100 1.4 13.652861198577757
x4 10.185 100000 100 1.425 13.600573255543862
x4 10.185 100000 100 1.45 13.547144589588237
x4 10.185 100000 100 1.467 13.510058805026661
x4 10.185 100000 100 1.48 13.481236166906005
x4 10.185 100000 100 1.5 13.436023788988564
x4 10.185 100000 100 1.55 13.31749838251802
x4 10.185 100000 100 1.6 13.188848011779939
x4 10.185 100000 100 1.65 13.046134022894309
x4 10.185 100000 100 1.7 12.883187632853687
x4 10.185 100000 100 2. 11.721207852663364
x4 10.185 150000 100 1.3 14.442220733741088
x4 10.185 150000 100 1.32 14.393943408314778
x4 10.185 150000 100 1.35 14.320328128839407
x4 10.185 150000 100 1.4 14.193482755638184
x4 10.185 150000 100 1.425 14.127567275767255
x4 10.185 150000 100 1.45 14.059576906114854
x4 10.185 150000 100 1.467 14.011971076074618
x4 10.185 150000 100 1.48 13.974720438528877
x4 10.185 150000 100 1.5 13.915811262929678
x4 10.185 150000 100 1.55 13.75823014790466
x4 10.185 150000 100 1.6 13.580803461521457
x4 10.185 150000 100 1.65 13.373349986517985
x4 10.185 150000 100 1.7 13.11577041358332
x4 10.185 150000 100 2. 12.556147882074567
x4 10.185 150000 100 3. 14.699722467547275
x4 10.185 200000 100 1.3 14.851717188860105
x4 10.185 200000 100 1.32 14.795566289551312
x4 10.185 200000 100 1.35 14.709476215435052
x4 10.185 200000 100 1.4 14.559622326653438
x4 10.185 200000 100 1.425 14.480881037932713
x4 10.185 200000 100 1.45 14.398945052957401
x4 10.185 200000 100 1.467 14.34109422864849
x4 10.185 200000 100 1.48 14.295526755719129
x4 10.185 200000 100 1.5 14.22287769796006
x4 10.185 200000 100 1.55 14.024379383722458
x4 10.185 200000 100 1.6 13.791330611373386
x4 10.185 200000 100 1.65 13.498970693834956
x4 10.185 200000 100 1.7 13.076265716202732
x4 10.185 200000 100 2. 18.271438426902208
x4 10.185 300000 100 1.3 15.410966463318756
x4 10.185 300000 100 1.32 15.340558401396457
x4 10.185 300000 100 1.35 15.23155648443503
x4 10.185 300000 100 1.4 15.038257446312613
x4 10.185 300000 100 1.425 14.934520419477046
x4 10.185 300000 100 1.45 14.824669235846866
x4 10.185 300000 100 1.467 14.745766088239806
x4 10.185 300000 100 1.48 14.682730800012084
x4 10.185 300000 100 1.5 14.58040575108236
x4 10.185 300000 100 1.55 14.286092120795427
x4 10.185 300000 100 1.6 13.895804429750639
x4 10.185 300000 100 1.65 13.202450530736312
x4 10.185 300000 100 1.7 12.763424320536492
x4 10.185 300000 100 2. 1.3665385853498975
x4 10.185 300000 100 3. 29.603219313087575
x4 10.185 500000 100 1.3 16.068644057378904
x4 10.185 500000 100 1.32 15.972368066415743
x4 10.185 500000 100 1.35 15.820658404935836
x4 10.185 500000 100 1.4 15.541690007393571
x4 10.185 500000 100 1.425 15.385192067170154
x4 10.185 500000 100 1.45 15.212601427799546
x4 10.185 500000 100 1.467 15.083132790976139
x4 10.185 500000 100 1.48 14.97557963380779
x4 10.185 500000 100 1.5 14.791018982766884
x4 10.185 500000 100 1.55 14.125551408765633
x4 10.185 500000 100 1.6 13.309196753168607
x4 10.185 500000 100 1.65 13.613427855252164
x4 10.185 500000 100 1.7 13.895147392819759
x4 10.185 500000 100 2. 15.23469809135375
x4 10.185 500000 100 3. 13.053223498150086
x4 10.185 1000000 100 1.3 16.81255561343508
x4 10.185 1000000 100 1.32 16.653654687550254
x4 10.185 1000000 100 1.35 16.391171553478674
x4 10.185 1000000 100 1.4 15.848713119583033
x4 10.185 1000000 100 1.425 15.482505288530582
x4 10.185 1000000 100 1.45 14.950520444931643
x4 10.185 1000000 100 1.467 14.036654307183388
x4 10.185 1000000 100 1.48 14.01839077887612
x4 10.185 1000000 100 1.5 14.184437021974572
x4 10.185 1000000 100 1.55 14.562824089143897
x4 10.185 1000000 100 1.6 14.90565702102179
x4 10.185 1000000 100 1.65 2.0531087047376175
x4 10.185 1000000 100 1.7 23.99479323605423
x4 10.185 1000000 100 2. 29.202758085344755
x4 10.185 1000000 100 3. 43.39339179230563
x6 10.185 100000 100 1.3 10.787321621737682
x6 10.185 100000 100 1.32 10.766824915271387
x6 10.185 100000 100 1.35 10.735731154504982
x6 10.185 100000 100 1.4 10.682662197294487
x6 10.185 100000 100 1.425 10.655369665088415
x6 10.185 100000 100 1.45 10.627445751540046
x6 10.185 100000 100 1.467 10.608041346438196
x6 10.185 100000 100 1.48 10.592948554123687
x6 10.185 100000 100 1.5 10.569251371048804
x6 10.185 100000 100 1.55 10.50700207553665
x6 10.185 100000 100 1.6 10.439225737669087
x6 10.185 100000 100 1.65 10.363782205977977
x6 10.185 100000 100 1.7 10.277305706407086
x6 10.185 100000 100 2. 9.649658895493397
x6 10.185 150000 100 1.3 11.09054862789527
x6 10.185 150000 100 1.32 11.065819323828592
x6 10.185 150000 100 1.35 11.02805776551455
x6 10.185 150000 100 1.4 10.962838891288953
x6 10.185 150000 100 1.425 10.928871070453992
x6 10.185 150000 100 1.45 10.893778747674702
x6 10.185 150000 100 1.467 10.869173820056663
x6 10.185 150000 100 1.48 10.849901613453032
x6 10.185 150000 100 1.5 10.81938898394882
x6 10.185 150000 100 1.55 10.73755559421904
x6 10.185 150000 100 1.6 10.645041470532378
x6 10.185 150000 100 1.65 10.536358235885523
x6 10.185 150000 100 1.7 10.400628500954753
x6 10.185 150000 100 2. 10.102635040277608
x6 10.185 150000 100 3. 1.056934244430903
x6 10.185 200000 100 1.3 11.29921224659612
x6 10.185 200000 100 1.32 11.270714570440859
x6 10.185 200000 100 1.35 11.226951838370264
x6 10.185 200000 100 1.4 11.150571564317229
x6 10.185 200000 100 1.425 11.110332228657539
x6 10.185 200000 100 1.45 11.068382732611107
x6 10.185 200000 100 1.467 11.03871658681923
x6 10.185 200000 100 1.48 11.015321183744927
x6 10.185 200000 100 1.5 10.977969890248138
x6 10.185 200000 100 1.55 10.8755897069392
x6 10.185 200000 100 1.6 10.754770893752514
x6 10.185 200000 100 1.65 10.60223651754812
x6 10.185 200000 100 1.7 10.379733742781928
x6 10.185 200000 100 2. 18.246709833552284
x6 10.185 300000 100 1.3 11.581112946818664
x6 10.185 300000 100 1.32 11.545812301130344
x6 10.185 300000 100 1.35 11.491055131495743
x6 10.185 300000 100 1.4 11.3936285787296
x6 10.185 300000 100 1.425 11.341171005470533
x6 10.185 300000 100 1.45 11.28548931523917
x6 10.185 300000 100 1.467 11.245409534944937
x6 10.185 300000 100 1.48 11.213338820036416
x6 10.185 300000 100 1.5 11.1611804103747
x6 10.185 300000 100 1.55 11.010473989338324
x6 10.185 300000 100 1.6 10.809016531415045
x6 10.185 300000 100 1.65 10.446402395151017
x6 10.185 300000 100 1.7 10.213514131633001
x6 10.185 300000 100 2. 18.59697451294488
x6 10.185 300000 100 3. 29.60324191574176
x6 10.185 500000 100 1.3 11.908302773340209
x6 10.185 500000 100 1.32 11.860689038671959
x6 10.185 500000 100 1.35 11.785465711120002
x6 10.185 500000 100 1.4 11.646512122738665
x6 10.185 500000 100 1.425 11.568196681849779
x6 10.185 500000 100 1.45 11.481519706896092
x6 10.185 500000 100 1.467 11.416283760474537
x6 10.185 500000 100 1.48 11.361948394817796
x6 10.185 500000 100 1.5 11.268405016638837
x6 10.185 500000 100 1.55 10.92783147158042
x6 10.185 500000 100 1.6 10.502635202700837
x6 10.185 500000 100 1.65 10.66208267567851
x6 10.185 500000 100 1.7 10.808675910994129
x6 10.185 500000 100 2. 11.49263507298573
x6 10.185 500000 100 3. 34.88658145350224
x6 10.185 1000000 100 1.3 12.273060487266026
x6 10.185 1000000 100 1.32 12.195607083234597
x6 10.185 1000000 100 1.35 12.067122253356077
x6 10.185 1000000 100 1.4 11.799394491522468
x6 10.185 1000000 100 1.425 11.616925598050877
x6 10.185 1000000 100 1.45 11.349270030761012
x6 10.185 1000000 100 1.467 10.881934709825147
x6 10.185 1000000 100 1.48 10.87249352767619
x6 10.185 1000000 100 1.5 10.95818069071354
x6 10.185 1000000 100 1.55 11.15220605353262
x6 10.185 1000000 100 1.6 11.32655392663356
x6 10.185 1000000 100 1.65 24.518107771074828
x6 10.185 1000000 100 1.7 11.634542947970626
x6 10.185 1000000 100 2. 12.333046466224522
x6 10.185 1000000 100 3. 43.39439328677236
x8 10.185 100000 100 1.3 9.518817734619358
x8 10.185 100000 100 1.32 9.505249573294282
x8 10.185 100000 100 1.35 9.48465429304725
x8 10.185 100000 100 1.4 9.449469082262937
x8 10.185 100000 100 1.425 9.43135685242644
x8 10.185 100000 100 1.45 9.412813570978628
x8 10.185 100000 100 1.467 9.399920861897067
x8 10.185 100000 100 1.48 9.389888511753153
x8 10.185 100000 100 1.5 9.37412961300269
x8 10.185 100000 100 1.55 9.332691273943608
x8 10.185 100000 100 1.6 9.287503821279794
x8 10.185 100000 100 1.65 9.237117956361146
x8 10.185 100000 100 1.7 9.179251000488243
x8 10.185 100000 100 2. 8.755516357088762
x8 10.185 100000 100 3. 9.243332172614446
x8 10.185 150000 100 1.3 9.71879814623866
x8 10.185 150000 100 1.32 9.702540634673248
x8 10.185 150000 100 1.35 9.677697926350287
x8 10.185 150000 100 1.4 9.63474137499937
x8 10.185 150000 100 1.425 9.612343143838254
x8 10.185 150000 100 1.45 9.589185101982647
x8 10.185 150000 100 1.467 9.572936817218512
x8 10.185 150000 100 1.48 9.56020348156593
x8 10.185 150000 100 1.5 9.540032188756399
x8 10.185 150000 100 1.55 9.485863192596744
x8 10.185 150000 100 1.6 9.424499648252583
x8 10.185 150000 100 1.65 9.352240739090192
x8 10.185 150000 100 1.7 9.261737795192865
x8 10.185 150000 100 2. 9.061994289523865
x8 10.185 150000 100 3. 8.615341397531706
x8 10.185 200000 100 1.3 9.855618955215771
x8 10.185 200000 100 1.32 9.836970674191948
x8 10.185 200000 100 1.35 9.808309947075749
x8 10.185 200000 100 1.4 9.758220627560613
x8 10.185 200000 100 1.425 9.731797519442326
x8 10.185 200000 100 1.45 9.704226116218969
x8 10.185 200000 100 1.467 9.684712314061473
x8 10.185 200000 100 1.48 9.669313935329232
x8 10.185 200000 100 1.5 9.644713060037617
x8 10.185 200000 100 1.55 9.577174522983425
x8 10.185 200000 100 1.6 9.497267333240632
x8 10.185 200000 100 1.65 9.396062647023266
x8 10.185 200000 100 1.7 9.247779147955084
x8 10.185 200000 100 2. 9.28348535559911
x8 10.185 200000 100 3. 9.608440117104237
x8 10.185 300000 100 1.3 10.039463696405479
x8 10.185 300000 100 1.32 10.016503685642924
x8 10.185 300000 100 1.35 9.980854385158578
x8 10.185 300000 100 1.4 9.91732012176622
x8 10.185 300000 100 1.425 9.883055083780249
x8 10.185 300000 100 1.45 9.846640482716094
x8 10.185 300000 100 1.467 9.820401638336127
x8 10.185 300000 100 1.48 9.799388878509548
x8 10.185 300000 100 1.5 9.76518281100049
x8 10.185 300000 100 1.55 9.666122491273326
x8 10.185 300000 100 1.6 9.533171852365612
x8 10.185 300000 100 1.65 9.292291965387973
x8 10.185 300000 100 1.7 9.136485748810985
x8 10.185 300000 100 2. 0.7025471390895945
x8 10.185 300000 100 3. 10.681404304084003
x8 10.185 500000 100 1.3 10.251447513673021
x8 10.185 500000 100 1.32 10.220690261249674
x8 10.185 500000 100 1.35 10.172035158636163
x8 10.185 500000 100 1.4 10.081953758542655
x8 10.185 500000 100 1.425 10.031064815923914
x8 10.185 500000 100 1.45 9.974642101545149
x8 10.185 500000 100 1.467 9.932106210449005
x8 10.185 500000 100 1.48 9.89663148729835
x8 10.185 500000 100 1.5 9.835458751691528
x8 10.185 500000 100 1.55 9.611657285051177
x8 10.185 500000 100 1.6 9.32978202878217
x8 10.185 500000 100 1.65 9.435812829194445
x8 10.185 500000 100 1.7 9.532946618779118
x8 10.185 500000 100 2. 9.981883530760415
x8 10.185 500000 100 3. 13.369010939544843
x8 10.185 1000000 100 1.3 10.486062399425029
x8 10.185 1000000 100 1.32 10.436391408071017
x8 10.185 1000000 100 1.35 10.353819136740164
x8 10.185 1000000 100 1.4 10.181050211264894
x8 10.185 1000000 100 1.425 10.062738703441186
x8 10.185 1000000 100 1.45 9.88834788856293
x8 10.185 1000000 100 1.467 1.070427926658515
x8 10.185 1000000 100 1.48 9.575129347580685
x8 10.185 1000000 100 1.5 9.631670674661722
x8 10.185 1000000 100 1.55 9.759293570630751
x8 10.185 1000000 100 1.6 9.873500077563904
x8 10.185 1000000 100 1.7 10.07418187728522
x8 10.185 1000000 100 2. 10.5244780067955
x10 10.185 100000 100 1.3 8.830486607927956
x10 10.185 100000 100 1.32 8.82041554213352
x10 10.185 100000 100 1.35 8.805123243708096
x10 10.185 100000 100 1.4 8.778982099040226
x10 10.185 100000 100 1.425 8.765517845744004
x10 10.185 100000 100 1.45 8.751727653151788
x10 10.185 100000 100 1.467 8.742136441232986
x10 10.185 100000 100 1.48 8.734671467354936
x10 10.185 100000 100 1.5 8.722942148373287
x10 10.185 100000 100 1.55 8.692080858077594
x10 10.185 100000 100 1.6 8.658395872082135
x10 10.185 100000 100 1.65 8.620797066860057
x10 10.185 100000 100 1.7 8.577565191067107
x10 10.185 100000 100 2. 8.259307619769919
x10 10.185 100000 100 3. 9.15947427537719
x10 10.185 150000 100 1.3 8.97859299996296
x10 10.185 150000 100 1.32 8.966575380835705
x10 10.185 150000 100 1.35 8.94820413823081
x10 10.185 150000 100 1.4 8.916415208783679
x10 10.185 150000 100 1.425 8.899828678851302
x10 10.185 150000 100 1.45 8.882671361204377
x10 10.185 150000 100 1.467 8.870628250509712
x10 10.185 150000 100 1.48 8.861187771164268
x10 10.185 150000 100 1.5 8.846227478659872
x10 10.185 150000 100 1.55 8.806021029656156
x10 10.185 150000 100 1.6 8.760418883538632
x10 10.185 150000 100 1.65 8.706643710280899
x10 10.185 150000 100 1.7 8.639173868023715
x10 10.185 150000 100 2. 8.489796064091367
x10 10.185 150000 100 3. 8.618493115932797
x10 10.185 200000 100 1.3 9.0795715269514
x10 10.185 200000 100 1.32 9.065825034531109
x10 10.185 200000 100 1.35 9.044687619131798
x10 10.185 200000 100 1.4 9.007717064175559
x10 10.185 200000 100 1.425 8.98819921299549
x10 10.185 200000 100 1.45 8.967821522939577
x10 10.185 200000 100 1.467 8.953392266475905
x10 10.185 200000 100 1.48 8.942001774960058
x10 10.185 200000 100 1.5 8.923796959269575
x10 10.185 200000 100 1.55 8.873769701658219
x10 10.185 200000 100 1.6 8.81448925479471
x10 10.185 200000 100 1.65 8.73926582333526
x10 10.185 200000 100 1.7 8.628756025854408
x10 10.185 200000 100 2. 8.655398540356186
x10 10.185 200000 100 3. 9.42586672248675
x10 10.185 300000 100 1.3 9.214815442255592
x10 10.185 300000 100 1.32 9.197952356973172
x10 10.185 300000 100 1.35 9.171754195527813
x10 10.185 300000 100 1.4 9.125017261664059
x10 10.185 300000 100 1.425 9.09978645594728
x10 10.185 300000 100 1.45 9.072953828198521
x10 10.185 300000 100 1.467 9.053606781821749
x10 10.185 300000 100 1.48 9.03810599239796
x10 10.185 300000 100 1.5 9.012858215569356
x10 10.185 300000 100 1.55 8.939640872024729
x10 10.185 300000 100 1.6 8.841137859105611
x10 10.185 300000 100 1.65 8.661966663812692
x10 10.185 300000 100 1.7 8.545580502318826
x10 10.185 300000 100 2. 1.26932
x10 10.185 300000 100 3. 1.26932
x10 10.185 500000 100 1.3 9.370146494291697
x10 10.185 500000 100 1.32 9.347649273708354
x10 10.185 500000 100 1.35 9.312033182853515
x10 10.185 500000 100 1.4 9.246002004729641
x10 10.185 500000 100 1.425 9.208647775983001
x10 10.185 500000 100 1.45 9.167186918583829
x10 10.185 500000 100 1.467 9.135899536186914
x10 10.185 500000 100 1.48 9.109785335326658
x10 10.185 500000 100 1.5 9.064710204959269
x10 10.185 500000 100 1.55 8.899320642528474
x10 10.185 500000 100 1.6 8.689913066459692
x10 10.185 500000 100 1.65 8.768830673438982
x10 10.185 500000 100 1.7 8.840970859326152
x10 10.185 500000 100 2. 9.172510840086753
x10 10.185 500000 100 3. 13.329130023314583
x10 10.185 1000000 100 1.3 9.5413137819504
x10 10.185 1000000 100 1.32 9.505139783247722
x10 10.185 1000000 100 1.35 9.444928770678466
x10 10.185 1000000 100 1.4 9.31863468685412
x10 10.185 1000000 100 1.425 9.23190184206648
x10 10.185 1000000 100 1.45 9.103684973487246
x10 10.185 1000000 100 1.467 8.876875445587599
x10 10.185 1000000 100 1.48 8.872253631986144
x10 10.185 1000000 100 1.5 8.914141758389093
x10 10.185 1000000 100 1.55 9.008509240145683
x10 10.185 1000000 100 1.6 9.092747637906925
x10 10.185 1000000 100 1.65 2.0531087047376175
x10 10.185 1000000 100 1.7 9.240299637692448
x10 10.185 1000000 100 2. 9.569267316552741
x10 10.185 1000000 100 3. 9.880625962120076
x2 10.185 100000 250 1.3 47.80860110416625
x2 10.185 100000 250 1.32 47.6536278587607
x2 10.185 100000 250 1.35 47.42354204981781
x2 10.185 100000 250 1.4 47.0450918762781
x2 10.185 100000 250 1.425 46.857592847287826
x2 10.185 100000 250 1.45 46.670848835203486
x2 10.185 100000 250 1.467 46.544142944526065
x2 10.185 100000 250 1.48 46.44733506680481
x2 10.185 100000 250 1.5 46.29843789001885
x2 10.185 100000 250 1.55 45.925451069136116
x2 10.185 100000 250 1.6 45.54938244522116
x2 10.185 100000 250 1.65 45.167552993788505
x2 10.185 100000 250 1.7 44.77701890115255
x2 10.185 100000 250 2. 42.01112998536523
x2 10.185 150000 250 1.3 52.904440422447536
x2 10.185 150000 250 1.32 52.714025171765236
x2 10.185 150000 250 1.35 52.43050023888342
x2 10.185 150000 250 1.4 51.96185275947578
x2 10.185 150000 250 1.425 51.72851971318879
x2 10.185 150000 250 1.45 51.4953130500507
x2 10.185 150000 250 1.467 51.336596890631036
x2 10.185 150000 250 1.48 51.21505681681492
x2 10.185 150000 250 1.5 51.02763737034622
x2 10.185 150000 250 1.55 50.55542592489989
x2 10.185 150000 250 1.6 50.075007962063125
x2 10.185 150000 250 1.65 49.58229780610002
x2 10.185 150000 250 1.7 49.072604610282916
x2 10.185 150000 250 2. 45.21272130006991
x2 10.185 200000 250 1.3 56.72736993694418
x2 10.185 200000 250 1.32 56.506048040985405
x2 10.185 200000 250 1.35 56.17575499845804
x2 10.185 200000 250 1.4 55.62767833583956
x2 10.185 200000 250 1.425 55.35372794837666
x2 10.185 200000 250 1.45 55.079158482163635
x2 10.185 200000 250 1.467 54.891829899223126
x2 10.185 200000 250 1.48 54.748115752455526
x2 10.185 200000 250 1.5 54.5260377130043
x2 10.185 200000 250 1.55 53.96383468105386
x2 10.185 200000 250 1.6 53.38755922461595
x2 10.185 200000 250 1.65 52.79146577710751
x2 10.185 200000 250 1.7 52.168707087717564
x2 10.185 200000 250 2. 47.1148889194249
x2 10.185 200000 250 3. 54.51873967102915
x2 10.185 300000 250 1.3 62.39229874213745
x2 10.185 300000 250 1.32 62.116960530675335
x2 10.185 300000 250 1.35 61.70458502733118
x2 10.185 300000 250 1.4 61.01606893997429
x2 10.185 300000 250 1.425 60.66975481856073
x2 10.185 300000 250 1.45 60.321080469395454
x2 10.185 300000 250 1.467 60.082232857556974
x2 10.185 300000 250 1.48 59.898441006225276
x2 10.185 300000 250 1.5 59.61344455430293
x2 10.185 300000 250 1.55 58.886186718092425
x2 10.185 300000 250 1.6 58.13112755429535
x2 10.185 300000 250 1.65 57.338290448340786
x2 10.185 300000 250 1.7 56.494984791779906
x2 10.185 300000 250 2. 48.31769097068637
x2 10.185 300000 250 3. 62.40294166171336
x2 10.185 500000 250 1.3 69.94428496198339
x2 10.185 500000 250 1.32 69.57757809674594
x2 10.185 500000 250 1.35 69.02543367452789
x2 10.185 500000 250 1.4 68.0949189478104
x2 10.185 500000 250 1.425 67.62234934730603
x2 10.185 500000 250 1.45 67.1431678924144
x2 10.185 500000 250 1.467 66.81281559344545
x2 10.185 500000 250 1.48 66.55737637818109
x2 10.185 500000 250 1.5 66.15903738209208
x2 10.185 500000 250 1.55 65.12896477972181
x2 10.185 500000 250 1.6 64.03563569058308
x2 10.185 500000 250 1.65 62.85574068742733
x2 10.185 500000 250 1.7 61.55587237668582
x2 10.185 500000 250 2. 48.59786252514995
x2 10.185 500000 250 3. 73.76989773759298
x2 10.185 1000000 250 1.3 80.75441055935288
x2 10.185 1000000 250 1.32 80.20076156028031
x2 10.185 1000000 250 1.35 79.35924125889483
x2 10.185 1000000 250 1.4 77.91661657922931
x2 10.185 1000000 250 1.425 77.17047898934673
x2 10.185 1000000 250 1.45 76.40325517119908
x2 10.185 1000000 250 1.467 75.86743772325833
x2 10.185 1000000 250 1.48 75.44893649220971
x2 10.185 1000000 250 1.5 74.78841152475701
x2 10.185 1000000 250 1.55 73.02861820379364
x2 10.185 1000000 250 1.6 71.05702952772369
x2 10.185 1000000 250 1.65 68.75833247541534
x2 10.185 1000000 250 1.7 65.89407530523192
x2 10.185 1000000 250 2. 61.57604477648899
x2 10.185 1000000 250 3. 92.28191150554119
x4 10.185 100000 250 1.3 22.23481897685546
x4 10.185 100000 250 1.32 22.198752500740323
x4 10.185 100000 250 1.35 22.145096372313773
x4 10.185 100000 250 1.4 22.056557828636844
x4 10.185 100000 250 1.425 22.01256070868384
x4 10.185 100000 250 1.45 21.968652976134845
x4 10.185 100000 250 1.467 21.938811786262253
x4 10.185 100000 250 1.48 21.915984298438524
x4 10.185 100000 250 1.5 21.880827722270965
x4 10.185 100000 250 1.55 21.792512045482223
x4 10.185 100000 250 1.6 21.703102663984666
x4 10.185 100000 250 1.65 21.611945295036886
x4 10.185 100000 250 1.7 21.518310475454303
x4 10.185 100000 250 2. 20.84312136694243
x4 10.185 100000 250 3. 0.08774279036607943
x4 10.185 150000 250 1.3 23.38980748590169
x4 10.185 150000 250 1.32 23.34767665015367
x4 10.185 150000 250 1.35 23.28480355204123
x4 10.185 150000 250 1.4 23.18050501550754
x4 10.185 150000 250 1.425 23.128401076592517
x4 10.185 150000 250 1.45 23.076207399118868
x4 10.185 150000 250 1.467 23.04061793448533
x4 10.185 150000 250 1.48 23.013327135199905
x4 10.185 150000 250 1.5 22.97118052718488
x4 10.185 150000 250 1.55 22.864645188013785
x4 10.185 150000 250 1.6 22.75574670689096
x4 10.185 150000 250 1.65 22.643517995599975
x4 10.185 150000 250 1.7 22.52683278338747
x4 10.185 150000 250 2. 21.62274905494121
x4 10.185 150000 250 3. 0.10042923732591551
x4 10.185 200000 250 1.3 24.22015421435691
x4 10.185 200000 250 1.32 24.172860402278424
x4 10.185 200000 250 1.35 24.102108859119095
x4 10.185 200000 250 1.4 23.984244746828143
x4 10.185 200000 250 1.425 23.92511411407868
x4 10.185 200000 250 1.45 23.86570284307072
x4 10.185 200000 250 1.467 23.825083704703545
x4 10.185 200000 250 1.48 23.793874635184032
x4 10.185 200000 250 1.5 23.74556733862713
x4 10.185 200000 250 1.55 23.622833122316756
x4 10.185 200000 250 1.6 23.496361392530687
x4 10.185 200000 250 1.65 23.364819999189468
x4 10.185 200000 250 1.7 23.226598583572308
x4 10.185 200000 250 2. 22.072913921501815
x4 10.185 200000 250 3. 22.529095478244752
x4 10.185 300000 250 1.3 25.40072277956643
x4 10.185 300000 250 1.32 25.344613829029093
x4 10.185 300000 250 1.35 25.260346358982996
x4 10.185 300000 250 1.4 25.119019828102896
x4 10.185 300000 250 1.425 25.047633551882633
x4 10.185 300000 250 1.45 24.975554045303344
x4 10.185 300000 250 1.467 24.92605844249753
x4 10.185 300000 250 1.48 24.887904924090865
x4 10.185 300000 250 1.5 24.828626095423587
x4 10.185 300000 250 1.55 24.676712188577397
x4 10.185 300000 250 1.6 24.517994972541434
x4 10.185 300000 250 1.65 24.350223636978935
x4 10.185 300000 250 1.7 24.170494016874514
x4 10.185 300000 250 2. 22.35288904496429
x4 10.185 300000 250 3. 23.506674419860087
x4 10.185 500000 250 1.3 26.894080586818475
x4 10.185 500000 250 1.32 26.82348722368808
x4 10.185 500000 250 1.35 26.716843736261808
x4 10.185 500000 250 1.4 26.536151506760003
x4 10.185 500000 250 1.425 26.44391253046141
x4 10.185 500000 250 1.45 26.35005305499545
x4 10.185 500000 250 1.467 26.285150534577827
x4 10.185 500000 250 1.48 26.2348555339161
x4 10.185 500000 250 1.5 26.156231493578844
x4 10.185 500000 250 1.55 25.951810870525787
x4 10.185 500000 250 1.6 25.733060849317155
x4 10.185 500000 250 1.65 25.494885038081662
x4 10.185 500000 250 1.7 25.229887992986846
x4 10.185 500000 250 2. 22.417602716331807
x4 10.185 500000 250 3. 16.986699893583523
x4 10.185 1000000 250 1.3 28.897728224454806
x4 10.185 1000000 250 1.32 28.798496986067903
x4 10.185 1000000 250 1.35 28.647012252749246
x4 10.185 1000000 250 1.4 28.385439318415433
x4 10.185 1000000 250 1.425 28.249201772749778
x4 10.185 1000000 250 1.45 28.108424758601487
x4 10.185 1000000 250 1.467 28.00968905638672
x4 10.185 1000000 250 1.48 27.932328390814586
x4 10.185 1000000 250 1.5 27.809791750283747
x4 10.185 1000000 250 1.55 27.480657688597198
x4 10.185 1000000 250 1.6 27.107165478163548
x4 10.185 1000000 250 1.65 26.66510215397351
x4 10.185 1000000 250 1.7 26.103801643907897
x4 10.185 1000000 250 2. 25.234021775629078
x4 10.185 1000000 250 3. 22.06091707223669
x6 10.185 100000 250 1.3 17.22699197334023
x6 10.185 100000 250 1.32 17.208357988795886
x6 10.185 100000 250 1.35 17.180617473795575
x6 10.185 100000 250 1.4 17.13479384241037
x6 10.185 100000 250 1.425 17.11199950933051
x6 10.185 100000 250 1.45 17.089236866792852
x6 10.185 100000 250 1.467 17.07375790556566
x6 10.185 100000 250 1.48 17.06191235467871
x6 10.185 100000 250 1.5 17.043660921695672
x6 10.185 100000 250 1.55 16.997768732326392
x6 10.185 100000 250 1.6 16.95124510292219
x6 10.185 100000 250 1.65 16.90374606648892
x6 10.185 100000 250 1.7 16.854886311878264
x6 10.185 100000 250 2. 16.500441298704818
x6 10.185 100000 250 3.0 1.26932
x6 10.185 150000 250 1.3 17.81851409593267
x6 10.185 150000 250 1.32 17.797110326812067
x6 10.185 150000 250 1.35 17.76514563779677
x6 10.185 150000 250 1.4 17.71205603286497
x6 10.185 150000 250 1.425 17.685504703719793
x6 10.185 150000 250 1.45 17.658887522595148
x6 10.185 150000 250 1.467 17.64072639518529
x6 10.185 150000 250 1.48 17.626793844342988
x6 10.185 150000 250 1.5 17.605265876256635
x6 10.185 150000 250 1.55 17.550790916539388
x6 10.185 150000 250 1.6 17.49502017352045
x6 10.185 150000 250 1.65 17.43745066695371
x6 10.185 150000 250 1.7 17.377493814892585
x6 10.185 150000 250 2. 16.909378839213215
x6 10.185 150000 250 3. 1.45059
x6 10.185 200000 250 1.3 18.23776668572747
x6 10.185 200000 250 1.32 18.21401751393931
x6 10.185 200000 250 1.35 18.17845969823845
x6 10.185 200000 250 1.4 18.11914693939283
x6 10.185 200000 250 1.425 18.089354077025405
x6 10.185 200000 250 1.45 18.05939511935305
x6 10.185 200000 250 1.467 18.038898114747475
x6 10.185 200000 250 1.48 18.02314175089247
x6 10.185 200000 250 1.5 17.998739232789955
x6 10.185 200000 250 1.55 17.936665261454944
x6 10.185 200000 250 1.6 17.87258883008417
x6 10.185 200000 250 1.65 17.805821146708848
x6 10.185 200000 250 1.7 17.735528305797764
x6 10.185 200000 250 2. 17.14326327565108
x6 10.185 200000 250 3. 16.986699893583513
x6 10.185 300000 250 1.3 18.825698379821322
x6 10.185 300000 250 1.32 18.797964985638583
x6 10.185 300000 250 1.35 18.75627486370156
x6 10.185 300000 250 1.4 18.686251202374898
x6 10.185 300000 250 1.425 18.650831065142608
x6 10.185 300000 250 1.45 18.615032902067533
x6 10.185 300000 250 1.467 18.590431057902663
x6 10.185 300000 250 1.48 18.571455642438163
x6 10.185 300000 250 1.5 18.541954490888767
x6 10.185 300000 250 1.55 18.46624438671992
x6 10.185 300000 250 1.6 18.386977781353096
x6 10.185 300000 250 1.65 18.30300292776439
x6 10.185 300000 250 1.7 18.21282879853914
x6 10.185 300000 250 2. 17.28792345879599
x6 10.185 300000 250 3. 18.498193801931837
x6 10.185 500000 250 1.3 19.556517270836913
x6 10.185 500000 250 1.32 19.522280014508727
x6 10.185 500000 250 1.35 19.470502391474543
x6 10.185 500000 250 1.4 19.382613904327837
x6 10.185 500000 250 1.425 19.33767196534502
x6 10.185 500000 250 1.45 19.29188703316916
x6 10.185 500000 250 1.467 19.260195689612907
x6 10.185 500000 250 1.48 19.23561895068863
x6 10.185 500000 250 1.5 19.197168018084774
x6 10.185 500000 250 1.55 19.09701515383882
x6 10.185 500000 250 1.6 18.98955018950035
x6 10.185 500000 250 1.65 18.872195263024068
x6 10.185 500000 250 1.7 18.741194704096365
x6 10.185 500000 250 2. 17.32127402400823
x6 10.185 500000 250 3. 16.986699893583513
x6 10.185 1000000 250 1.3 20.516165464574414
x6 10.185 1000000 250 1.32 20.46917175135712
x6 10.185 1000000 250 1.35 20.397327956360296
x6 10.185 1000000 250 1.4 20.272974062961264
x6 10.185 1000000 250 1.425 20.208054342100617
x6 10.185 1000000 250 1.45 20.140862132183837
x6 10.185 1000000 250 1.467 20.09366921518245
x6 10.185 1000000 250 1.48 20.056653718008448
x6 10.185 1000000 250 1.5 19.997953047467902
x6 10.185 1000000 250 1.55 19.83985381868527
x6 10.185 1000000 250 1.6 19.659680318695756
x6 10.185 1000000 250 1.65 19.445355441274938
x6 10.185 1000000 250 1.7 19.171506101768127
x6 10.185 1000000 250 2. 18.743241377798835
x6 10.185 1000000 250 3. 22.04315521434641
x8 10.185 100000 250 1.3 15.163427224957546
x8 10.185 100000 250 1.32 15.151124418004846
x8 10.185 100000 250 1.35 15.132802552217617
x8 10.185 100000 250 1.4 15.102521026596962
x8 10.185 100000 250 1.425 15.087450575193063
x8 10.185 100000 250 1.45 15.072395825260315
x8 10.185 100000 250 1.467 15.06215551311417
x8 10.185 100000 250 1.48 15.054317396487194
x8 10.185 100000 250 1.5 15.042237882031626
x8 10.185 100000 250 1.55 15.011850177540078
x8 10.185 100000 250 1.6 14.981023859950307
x8 10.185 100000 250 1.65 14.949528978181236
x8 10.185 100000 250 1.7 14.917108841512112
x8 10.185 100000 250 2. 14.681213675091309
x8 10.185 100000 250 3. 1.26932
x8 10.185 150000 250 1.3 15.552273956669154
x8 10.185 150000 250 1.32 15.538261015791743
x8 10.185 150000 250 1.35 15.517325581839783
x8 10.185 150000 250 1.4 15.48253351848994
x8 10.185 150000 250 1.425 15.46512302551461
x8 10.185 150000 250 1.45 15.447663198498958
x8 10.185 150000 250 1.467 15.435746563661253
x8 10.185 150000 250 1.48 15.426602349247537
x8 10.185 150000 250 1.5 15.412469411041123
x8 10.185 150000 250 1.55 15.376688142411808
x8 10.185 150000 250 1.6 15.340026940569576
x8 10.185 150000 250 1.65 15.302152535176232
x8 10.185 150000 250 1.7 15.26267448524192
x8 10.185 150000 250 2. 14.953265140237612
x8 10.185 150000 250 3. 0.10767994770902183
x8 10.185 200000 250 1.3 15.82592236242087
x8 10.185 200000 250 1.32 15.810463597398815
x8 10.185 200000 250 1.35 15.78730845011674
x8 10.185 200000 250 1.4 15.748659762841875
x8 10.185 200000 250 1.425 15.729234471188763
x8 10.185 200000 250 1.45 15.709692882853764
x8 10.185 200000 250 1.467 15.69631825189536
x8 10.185 200000 250 1.48 15.686034344942858
x8 10.185 200000 250 1.5 15.670103223305032
x8 10.185 200000 250 1.55 15.629553389438046
x8 10.185 200000 250 1.6 15.587658479023569
x8 10.185 200000 250 1.65 15.543964521288451
x8 10.185 200000 250 1.7 15.497919106099344
x8 10.185 200000 250 2. 15.10811927592125
x8 10.185 200000 250 3. 15.669578555756532
x8 10.185 300000 250 1.3 16.207036612757314
x8 10.185 300000 250 1.32 16.18912644129371
x8 10.185 300000 250 1.35 16.162190625991027
x8 10.185 300000 250 1.4 16.116915456802825
x8 10.185 300000 250 1.425 16.093997304432815
x8 10.185 300000 250 1.45 16.07082386792456
x8 10.185 300000 250 1.467 16.054891748684252
x8 10.185 300000 250 1.48 16.04259972125835
x8 10.185 300000 250 1.5 16.023482902474424
x8 10.185 300000 250 1.55 15.974387860171957
x8 10.185 300000 250 1.6 15.922932678620858
x8 10.185 300000 250 1.65 15.868360437743117
x8 10.185 300000 250 1.7 15.80968947929559
x8 10.185 300000 250 2. 15.203634314379926
x8 10.185 300000 250 3. 16.20772779018032
x8 10.185 500000 250 1.3 16.676654151671794
x8 10.185 500000 250 1.32 16.654752865723598
x8 10.185 500000 250 1.35 16.621612372671915
x8 10.185 500000 250 1.4 16.565309145723408
x8 10.185 500000 250 1.425 16.536493746640833
x8 10.185 500000 250 1.45 16.507120462781753
x8 10.185 500000 250 1.467 16.486778889710184
x8 10.185 500000 250 1.48 16.470998131283164
x8 10.185 500000 250 1.5 16.446298127284653
x8 10.185 500000 250 1.55 16.38190525167211
x8 10.185 500000 250 1.6 16.312717063297082
x8 10.185 500000 250 1.65 16.237048994878652
x8 10.185 500000 250 1.7 16.152443930324587
x8 10.185 500000 250 2. 15.225625956103965
x8 10.185 500000 250 3. 16.915175173254237
x8 10.185 1000000 250 1.3 17.286713512654078
x8 10.185 1000000 250 1.32 17.257007621097674
x8 10.185 1000000 250 1.35 17.2115603372398
x8 10.185 1000000 250 1.4 17.132801916438588
x8 10.185 1000000 250 1.425 17.091637091264065
x8 10.185 1000000 250 1.45 17.04899683792819
x8 10.185 1000000 250 1.467 17.019026929724387
x8 10.185 1000000 250 1.48 16.995507900898538
x8 10.185 1000000 250 1.5 16.95818808390248
x8 10.185 1000000 250 1.55 16.85753783468523
x8 10.185 1000000 250 1.6 16.74258959842593
x8 10.185 1000000 250 1.65 16.605509368695728
x8 10.185 1000000 250 1.7 16.429807053922193
x8 10.185 1000000 250 2. 16.153767068826745
x8 10.185 1000000 250 3. 16.986699893583477
x10 10.185 100000 250 1.3 14.045918228523707
x10 10.185 100000 250 1.32 14.036800176475825
x10 10.185 100000 250 1.35 14.023219165178862
x10 10.185 100000 250 1.4 14.000765629070546
x10 10.185 100000 250 1.425 13.989587932982843
x10 10.185 100000 250 1.45 13.97841950592524
x10 10.185 100000 250 1.467 13.970821101244967
x10 10.185 100000 250 1.48 13.965004777441344
x10 10.185 100000 250 1.5 13.95603954144638
x10 10.185 100000 250 1.55 13.933480480309946
x10 10.185 100000 250 1.6 13.910585993622899
x10 10.185 100000 250 1.65 13.887185428162406
x10 10.185 100000 250 1.7 13.86308738298471
x10 10.185 100000 250 2. 13.68742656882623
x10 10.185 100000 250 3. 1.26932
x10 10.185 150000 250 1.3 14.333338073838744
x10 10.185 150000 250 1.32 14.32300556278664
x10 10.185 150000 250 1.35 14.30756478172764
x10 10.185 150000 250 1.4 14.281895648828568
x10 10.185 150000 250 1.425 14.269045808477095
x10 10.185 150000 250 1.45 14.256157011806556
x10 10.185 150000 250 1.467 14.247358106036263
x10 10.185 150000 250 1.48 14.24060541086059
x10 10.185 150000 250 1.5 14.230167813789516
x10 10.185 150000 250 1.55 14.203732313931997
x10 10.185 150000 250 1.6 14.1766339546696
x10 10.185 150000 250 1.65 14.148625714662636
x10 10.185 150000 250 1.7 14.119416282507553
x10 10.185 150000 250 2. 13.889962007472779
x10 10.185 150000 250 3. 1.45059
x10 10.185 200000 250 1.3 14.534746352075523
x10 10.185 200000 250 1.32 14.523387142852135
x10 10.185 200000 250 1.35 14.50636867929903
x10 10.185 200000 250 1.4 14.47795135353499
x10 10.185 200000 250 1.425 14.463663286138253
x10 10.185 200000 250 1.45 14.449285988463823
x10 10.185 200000 250 1.467 14.439443946435127
x10 10.185 200000 250 1.48 14.431874923121615
x10 10.185 200000 250 1.5 14.420148003482895
x10 10.185 200000 250 1.55 14.390287904399921
x10 10.185 200000 250 1.6 14.359421432929167
x10 10.185 200000 250 1.65 14.327211475137092
x10 10.185 200000 250 1.7 14.293248506115594
x10 10.185 200000 250 2. 14.004917573388292
x10 10.185 200000 250 3. 14.41976168483535
x10 10.185 300000 250 1.3 14.814094789147566
x10 10.185 300000 250 1.32 14.800996676414336
x10 10.185 300000 250 1.35 14.781292416368144
x10 10.185 300000 250 1.4 14.748157744821112
x10 10.185 300000 250 1.425 14.731377932999724
x10 10.185 300000 250 1.45 14.71440629064437
x10 10.185 300000 250 1.467 14.702735184673724
x10 10.185 300000 250 1.48 14.693729268832538
x10 10.185 300000 250 1.5 14.679719776185491
x10 10.185 300000 250 1.55 14.643726455865773
x10 10.185 300000 250 1.6 14.6059792351796
x10 10.185 300000 250 1.65 14.565918576666984
x10 10.185 300000 250 1.7 14.52281822544185
x10 10.185 300000 250 2. 14.075705081872261
x10 10.185 300000 250 3. 14.81460013318463
x10 10.185 500000 250 1.3 15.15651577383413
x10 10.185 500000 250 1.32 15.140589667620965
x10 10.185 500000 250 1.35 15.116482799563931
x10 10.185 500000 250 1.4 15.075505080135352
x10 10.185 500000 250 1.425 15.054522355375697
x10 10.185 500000 250 1.45 15.033125890173313
x10 10.185 500000 250 1.467 15.018303458491095
x10 10.185 500000 250 1.48 15.006802561640875
x10 10.185 500000 250 1.5 14.988796457215583
x10 10.185 500000 250 1.55 14.941828889474243
x10 10.185 500000 250 1.6 14.891322562382035
x10 10.185 500000 250 1.65 14.836037193991816
x10 10.185 500000 250 1.7 14.774160774935673
x10 10.185 500000 250 2. 14.091991116268444
x10 10.185 500000 250 3. 15.3188
x10 10.185 1000000 250 1.3 15.598476283425986
x10 10.185 1000000 250 1.32 15.577028997470086
x10 10.185 1000000 250 1.35 15.544201997523675
x10 10.185 1000000 250 1.4 15.487272755305884
x10 10.185 1000000 250 1.425 15.45749689370727
x10 10.185 1000000 250 1.45 15.426638448148061
x10 10.185 1000000 250 1.467 15.4049400475366
x10 10.185 1000000 250 1.48 15.387906816264849
x10 10.185 1000000 250 1.5 15.360869194506366
x10 10.185 1000000 250 1.55 15.287889578201588
x10 10.185 1000000 250 1.6 15.204436570161434
x10 10.185 1000000 250 1.65 15.104765831430372
x10 10.185 1000000 250 1.7 14.976771301545554
x10 10.185 1000000 250 2. 14.77512900957937
x10 10.185 1000000 250 3. 14.7
