x10 10.185 100000 250 1.3 14.045918228523707
x10 10.185 100000 250 1.32 14.036800176475825
x10 10.185 100000 250 1.35 14.023219165178862
x10 10.185 100000 250 1.4 14.000765629070546
x10 10.185 100000 250 1.425 13.989587932982843
x10 10.185 100000 250 1.45 13.97841950592524
x10 10.185 100000 250 1.467 13.970821101244967
x10 10.185 100000 250 1.48 13.965004777441344
x10 10.185 100000 250 1.5 13.95603954144638
x10 10.185 100000 250 1.55 13.933480480309946
x10 10.185 100000 250 1.6 13.910585993622899
x10 10.185 100000 250 1.65 13.887185428162406
x10 10.185 100000 250 1.7 13.86308738298471
x10 10.185 100000 250 2. 13.68742656882623
x10 10.185 100000 250 3. 0.0940783329175991
x10 10.185 150000 250 1.3 14.333338073838744
x10 10.185 150000 250 1.32 14.32300556278664
x10 10.185 150000 250 1.35 14.30756478172764
x10 10.185 150000 250 1.4 14.281895648828568
x10 10.185 150000 250 1.425 14.269045808477095
x10 10.185 150000 250 1.45 14.256157011806556
x10 10.185 150000 250 1.467 14.247358106036263
x10 10.185 150000 250 1.48 14.24060541086059
x10 10.185 150000 250 1.5 14.230167813789516
x10 10.185 150000 250 1.55 14.203732313931997
x10 10.185 150000 250 1.6 14.1766339546696
x10 10.185 150000 250 1.65 14.148625714662636
x10 10.185 150000 250 1.7 14.119416282507553
x10 10.185 150000 250 2. 13.889962007472779
x10 10.185 150000 250 3. 0.10767994770902183
x10 10.185 200000 250 1.3 14.534746352075523
x10 10.185 200000 250 1.32 14.523387142852135
x10 10.185 200000 250 1.35 14.50636867929903
x10 10.185 200000 250 1.4 14.47795135353499
x10 10.185 200000 250 1.425 14.463663286138253
x10 10.185 200000 250 1.45 14.449285988463823
x10 10.185 200000 250 1.467 14.439443946435127
x10 10.185 200000 250 1.48 14.431874923121615
x10 10.185 200000 250 1.5 14.420148003482895
x10 10.185 200000 250 1.55 14.390287904399921
x10 10.185 200000 250 1.6 14.359421432929167
x10 10.185 200000 250 1.65 14.327211475137092
x10 10.185 200000 250 1.7 14.293248506115594
x10 10.185 200000 250 2. 14.004917573388292
x10 10.185 200000 250 3. 14.41976168483535
x10 10.185 300000 250 1.3 14.814094789147566
x10 10.185 300000 250 1.32 14.800996676414336
x10 10.185 300000 250 1.35 14.781292416368144
x10 10.185 300000 250 1.4 14.748157744821112
x10 10.185 300000 250 1.425 14.731377932999724
x10 10.185 300000 250 1.45 14.71440629064437
x10 10.185 300000 250 1.467 14.702735184673724
x10 10.185 300000 250 1.48 14.693729268832538
x10 10.185 300000 250 1.5 14.679719776185491
x10 10.185 300000 250 1.55 14.643726455865773
x10 10.185 300000 250 1.6 14.6059792351796
x10 10.185 300000 250 1.65 14.565918576666984
x10 10.185 300000 250 1.7 14.52281822544185
x10 10.185 300000 250 2. 14.075705081872261
x10 10.185 300000 250 3. 14.81460013318463
x10 10.185 500000 250 1.3 15.15651577383413
x10 10.185 500000 250 1.32 15.140589667620965
x10 10.185 500000 250 1.35 15.116482799563931
x10 10.185 500000 250 1.4 15.075505080135352
x10 10.185 500000 250 1.425 15.054522355375697
x10 10.185 500000 250 1.45 15.033125890173313
x10 10.185 500000 250 1.467 15.018303458491095
x10 10.185 500000 250 1.48 15.006802561640875
x10 10.185 500000 250 1.5 14.988796457215583
x10 10.185 500000 250 1.55 14.941828889474243
x10 10.185 500000 250 1.6 14.891322562382035
x10 10.185 500000 250 1.65 14.836037193991816
x10 10.185 500000 250 1.7 14.774160774935673
x10 10.185 500000 250 2. 14.091991116268444
x10 10.185 500000 250 3. 0.26761229864831165
x10 10.185 1000000 250 1.3 15.598476283425986
x10 10.185 1000000 250 1.32 15.577028997470086
x10 10.185 1000000 250 1.35 15.544201997523675
x10 10.185 1000000 250 1.4 15.487272755305884
x10 10.185 1000000 250 1.425 15.45749689370727
x10 10.185 1000000 250 1.45 15.426638448148061
x10 10.185 1000000 250 1.467 15.4049400475366
x10 10.185 1000000 250 1.48 15.387906816264849
x10 10.185 1000000 250 1.5 15.360869194506366
x10 10.185 1000000 250 1.55 15.287889578201588
x10 10.185 1000000 250 1.6 15.204436570161434
x10 10.185 1000000 250 1.65 15.104765831430372
x10 10.185 1000000 250 1.7 14.976771301545554
x10 10.185 1000000 250 2. 14.77512900957937
x10 10.185 1000000 250 3. 14.7