x10 10.185 100000 100 1.3 8.830486607927956
x10 10.185 100000 100 1.32 8.82041554213352
x10 10.185 100000 100 1.35 8.805123243708096
x10 10.185 100000 100 1.4 8.778982099040226
x10 10.185 100000 100 1.425 8.765517845744004
x10 10.185 100000 100 1.45 8.751727653151788
x10 10.185 100000 100 1.467 8.742136441232986
x10 10.185 100000 100 1.48 8.734671467354936
x10 10.185 100000 100 1.5 8.722942148373287
x10 10.185 100000 100 1.55 8.692080858077594
x10 10.185 100000 100 1.6 8.658395872082135
x10 10.185 100000 100 1.65 8.620797066860057
x10 10.185 100000 100 1.7 8.577565191067107
x10 10.185 100000 100 2. 8.259307619769919
x10 10.185 100000 100 3. 9.15947427537719
x10 10.185 150000 100 1.3 8.97859299996296
x10 10.185 150000 100 1.32 8.966575380835705
x10 10.185 150000 100 1.35 8.94820413823081
x10 10.185 150000 100 1.4 8.916415208783679
x10 10.185 150000 100 1.425 8.899828678851302
x10 10.185 150000 100 1.45 8.882671361204377
x10 10.185 150000 100 1.467 8.870628250509712
x10 10.185 150000 100 1.48 8.861187771164268
x10 10.185 150000 100 1.5 8.846227478659872
x10 10.185 150000 100 1.55 8.806021029656156
x10 10.185 150000 100 1.6 8.760418883538632
x10 10.185 150000 100 1.65 8.706643710280899
x10 10.185 150000 100 1.7 8.639173868023715
x10 10.185 150000 100 2. 8.489796064091367
x10 10.185 150000 100 3. 8.618493115932797
x10 10.185 200000 100 1.3 9.0795715269514
x10 10.185 200000 100 1.32 9.065825034531109
x10 10.185 200000 100 1.35 9.044687619131798
x10 10.185 200000 100 1.4 9.007717064175559
x10 10.185 200000 100 1.425 8.98819921299549
x10 10.185 200000 100 1.45 8.967821522939577
x10 10.185 200000 100 1.467 8.953392266475905
x10 10.185 200000 100 1.48 8.942001774960058
x10 10.185 200000 100 1.5 8.923796959269575
x10 10.185 200000 100 1.55 8.873769701658219
x10 10.185 200000 100 1.6 8.81448925479471
x10 10.185 200000 100 1.65 8.73926582333526
x10 10.185 200000 100 1.7 8.628756025854408
x10 10.185 200000 100 2. 8.655398540356186
x10 10.185 200000 100 3. 9.42586672248675
x10 10.185 300000 100 1.3 9.214815442255592
x10 10.185 300000 100 1.32 9.197952356973172
x10 10.185 300000 100 1.35 9.171754195527813
x10 10.185 300000 100 1.4 9.125017261664059
x10 10.185 300000 100 1.425 9.09978645594728
x10 10.185 300000 100 1.45 9.072953828198521
x10 10.185 300000 100 1.467 9.053606781821749
x10 10.185 300000 100 1.48 9.03810599239796
x10 10.185 300000 100 1.5 9.012858215569356
x10 10.185 300000 100 1.55 8.939640872024729
x10 10.185 300000 100 1.6 8.841137859105611
x10 10.185 300000 100 1.65 8.661966663812692
x10 10.185 300000 100 1.7 8.545580502318826
x10 10.185 300000 100 2. 0.10222294533435411
x10 10.185 300000 100 3. 0.16608969381742164
x10 10.185 500000 100 1.3 9.370146494291697
x10 10.185 500000 100 1.32 9.347649273708354
x10 10.185 500000 100 1.35 9.312033182853515
x10 10.185 500000 100 1.4 9.246002004729641
x10 10.185 500000 100 1.425 9.208647775983001
x10 10.185 500000 100 1.45 9.167186918583829
x10 10.185 500000 100 1.467 9.135899536186914
x10 10.185 500000 100 1.48 9.109785335326658
x10 10.185 500000 100 1.5 9.064710204959269
x10 10.185 500000 100 1.55 8.899320642528474
x10 10.185 500000 100 1.6 8.689913066459692
x10 10.185 500000 100 1.65 8.768830673438982
x10 10.185 500000 100 1.7 8.840970859326152
x10 10.185 500000 100 2. 9.172510840086753
x10 10.185 500000 100 3. 13.329130023314583
x10 10.185 1000000 100 1.3 9.5413137819504
x10 10.185 1000000 100 1.32 9.505139783247722
x10 10.185 1000000 100 1.35 9.444928770678466
x10 10.185 1000000 100 1.4 9.31863468685412
x10 10.185 1000000 100 1.425 9.23190184206648
x10 10.185 1000000 100 1.45 9.103684973487246
x10 10.185 1000000 100 1.467 8.876875445587599
x10 10.185 1000000 100 1.48 8.872253631986144
x10 10.185 1000000 100 1.5 8.914141758389093
x10 10.185 1000000 100 1.55 9.008509240145683
x10 10.185 1000000 100 1.6 9.092747637906925
x10 10.185 1000000 100 1.65 2.0531087047376175
x10 10.185 1000000 100 1.7 9.240299637692448
x10 10.185 1000000 100 2. 9.569267316552741
x10 10.185 1000000 100 3. 9.880625962120076