x2 10.185 100000 250 1.3 47.80860110416625
x2 10.185 100000 250 1.32 47.6536278587607
x2 10.185 100000 250 1.35 47.42354204981781
x2 10.185 100000 250 1.4 47.0450918762781
x2 10.185 100000 250 1.425 46.857592847287826
x2 10.185 100000 250 1.45 46.670848835203486
x2 10.185 100000 250 1.467 46.544142944526065
x2 10.185 100000 250 1.48 46.44733506680481
x2 10.185 100000 250 1.5 46.29843789001885
x2 10.185 100000 250 1.55 45.925451069136116
x2 10.185 100000 250 1.6 45.54938244522116
x2 10.185 100000 250 1.65 45.167552993788505
x2 10.185 100000 250 1.7 44.77701890115255
x2 10.185 100000 250 2. 42.01112998536523
x2 10.185 150000 250 1.3 52.904440422447536
x2 10.185 150000 250 1.32 52.714025171765236
x2 10.185 150000 250 1.35 52.43050023888342
x2 10.185 150000 250 1.4 51.96185275947578
x2 10.185 150000 250 1.425 51.72851971318879
x2 10.185 150000 250 1.45 51.4953130500507
x2 10.185 150000 250 1.467 51.336596890631036
x2 10.185 150000 250 1.48 51.21505681681492
x2 10.185 150000 250 1.5 51.02763737034622
x2 10.185 150000 250 1.55 50.55542592489989
x2 10.185 150000 250 1.6 50.075007962063125
x2 10.185 150000 250 1.65 49.58229780610002
x2 10.185 150000 250 1.7 49.072604610282916
x2 10.185 150000 250 2. 45.21272130006991
x2 10.185 200000 250 1.3 56.72736993694418
x2 10.185 200000 250 1.32 56.506048040985405
x2 10.185 200000 250 1.35 56.17575499845804
x2 10.185 200000 250 1.4 55.62767833583956
x2 10.185 200000 250 1.425 55.35372794837666
x2 10.185 200000 250 1.45 55.079158482163635
x2 10.185 200000 250 1.467 54.891829899223126
x2 10.185 200000 250 1.48 54.748115752455526
x2 10.185 200000 250 1.5 54.5260377130043
x2 10.185 200000 250 1.55 53.96383468105386
x2 10.185 200000 250 1.6 53.38755922461595
x2 10.185 200000 250 1.65 52.79146577710751
x2 10.185 200000 250 1.7 52.168707087717564
x2 10.185 200000 250 2. 47.1148889194249
x2 10.185 200000 250 3. 54.51873967102915
x2 10.185 300000 250 1.3 62.39229874213745
x2 10.185 300000 250 1.32 62.116960530675335
x2 10.185 300000 250 1.35 61.70458502733118
x2 10.185 300000 250 1.4 61.01606893997429
x2 10.185 300000 250 1.425 60.66975481856073
x2 10.185 300000 250 1.45 60.321080469395454
x2 10.185 300000 250 1.467 60.082232857556974
x2 10.185 300000 250 1.48 59.898441006225276
x2 10.185 300000 250 1.5 59.61344455430293
x2 10.185 300000 250 1.55 58.886186718092425
x2 10.185 300000 250 1.6 58.13112755429535
x2 10.185 300000 250 1.65 57.338290448340786
x2 10.185 300000 250 1.7 56.494984791779906
x2 10.185 300000 250 2. 48.31769097068637
x2 10.185 300000 250 3. 62.40294166171336
x2 10.185 500000 250 1.3 69.94428496198339
x2 10.185 500000 250 1.32 69.57757809674594
x2 10.185 500000 250 1.35 69.02543367452789
x2 10.185 500000 250 1.4 68.0949189478104
x2 10.185 500000 250 1.425 67.62234934730603
x2 10.185 500000 250 1.45 67.1431678924144
x2 10.185 500000 250 1.467 66.81281559344545
x2 10.185 500000 250 1.48 66.55737637818109
x2 10.185 500000 250 1.5 66.15903738209208
x2 10.185 500000 250 1.55 65.12896477972181
x2 10.185 500000 250 1.6 64.03563569058308
x2 10.185 500000 250 1.65 62.85574068742733
x2 10.185 500000 250 1.7 61.55587237668582
x2 10.185 500000 250 2. 48.59786252514995
x2 10.185 500000 250 3. 73.76989773759298
x2 10.185 1000000 250 1.3 80.75441055935288
x2 10.185 1000000 250 1.32 80.20076156028031
x2 10.185 1000000 250 1.35 79.35924125889483
x2 10.185 1000000 250 1.4 77.91661657922931
x2 10.185 1000000 250 1.425 77.17047898934673
x2 10.185 1000000 250 1.45 76.40325517119908
x2 10.185 1000000 250 1.467 75.86743772325833
x2 10.185 1000000 250 1.48 75.44893649220971
x2 10.185 1000000 250 1.5 74.78841152475701
x2 10.185 1000000 250 1.55 73.02861820379364
x2 10.185 1000000 250 1.6 71.05702952772369
x2 10.185 1000000 250 1.65 68.75833247541534
x2 10.185 1000000 250 1.7 65.89407530523192
x2 10.185 1000000 250 2. 61.57604477648899
x2 10.185 1000000 250 3. 92.28191150554119
