x2 10.185 100000 100 1.3 29.34665375269152
x2 10.185 100000 100 1.32 29.179687712684547
x2 10.185 100000 100 1.35 28.927610760174037
x2 10.185 100000 100 1.4 28.500743337939888
x2 10.185 100000 100 1.425 28.28285613121689
x2 10.185 100000 100 1.45 28.06107929988007
x2 10.185 100000 100 1.467 27.907653052056595
x2 10.185 100000 100 1.48 27.788702549232802
x2 10.185 100000 100 1.5 27.6026240991481
x2 10.185 100000 100 1.55 27.117781593149694
x2 10.185 100000 100 1.6 26.596382096332132
x2 10.185 100000 100 1.65 26.02390796482353
x2 10.185 100000 100 1.7 25.37788983978697
x2 10.185 100000 100 2. 21.006494424507235
x2 10.185 100000 100 3. 31.714917546480265
x2 10.185 150000 100 1.3 31.891635867959234
x2 10.185 150000 100 1.32 31.67877795712617
x2 10.185 150000 100 1.35 31.355576203867642
x2 10.185 150000 100 1.4 30.802558834301202
x2 10.185 150000 100 1.425 30.51712416709467
x2 10.185 150000 100 1.45 30.224098471250464
x2 10.185 150000 100 1.467 30.019766030015237
x2 10.185 150000 100 1.48 29.860364289099145
x2 10.185 150000 100 1.5 29.60914785791637
x2 10.185 150000 100 1.55 28.942362375718368
x2 10.185 150000 100 1.6 28.20069199596023
x2 10.185 150000 100 1.65 27.34571390510019
x2 10.185 150000 100 1.7 26.302465093939947
x2 10.185 150000 100 2. 24.10580809937745
x2 10.185 150000 100 3. 36.11197871262597
x2 10.185 200000 100 1.3 33.725793810285374
x2 10.185 200000 100 1.32 33.47125801573683
x2 10.185 200000 100 1.35 33.08287634509752
x2 10.185 200000 100 1.4 32.41224176222843
x2 10.185 200000 100 1.425 32.06260615900731
x2 10.185 200000 100 1.45 31.70079742026313
x2 10.185 200000 100 1.467 31.446580799940143
x2 10.185 200000 100 1.48 31.247061092061468
x2 10.185 200000 100 1.5 30.930275474790108
x2 10.185 200000 100 1.55 30.07295747335213
x2 10.185 200000 100 1.6 29.08179289568153
x2 10.185 200000 100 1.65 27.861863250874137
x2 10.185 200000 100 1.7 26.144258204516856
x2 10.185 200000 100 2. 26.550381429221183
x2 10.185 200000 100 3. 39.55644198308384
x2 10.185 300000 100 1.3 36.313540580305386
x2 10.185 300000 100 1.32 35.98248717775173
x2 10.185 300000 100 1.35 35.472959347185316
x2 10.185 300000 100 1.4 34.578318417960844
x2 10.185 300000 100 1.425 34.10290685177134
x2 10.185 300000 100 1.45 33.60306360998315
x2 10.185 300000 100 1.467 33.24631608730703
x2 10.185 300000 100 1.48 32.96268048897157
x2 10.185 300000 100 1.5 32.504842472389754
x2 10.185 300000 100 1.55 31.20582958927931
x2 10.185 300000 100 1.6 29.524069868246162
x2 10.185 300000 100 1.65 26.651271708417333
x2 10.185 300000 100 1.7 24.908252727544177
x2 10.185 300000 100 3. 44.91867942474362
x2 10.185 500000 100 1.3 39.4791058094151
x2 10.185 500000 100 1.32 39.00744060021601
x2 10.185 500000 100 1.35 38.269954898638595
x2 10.185 500000 100 1.4 36.93221289440679
x2 10.185 500000 100 1.425 36.19217510095229
x2 10.185 500000 100 1.45 35.384724110607806
x2 10.185 500000 100 1.467 34.78499506602655
x2 10.185 500000 100 1.48 34.290681946176875
x2 10.185 500000 100 1.5 33.45068583628405
x2 10.185 500000 100 1.55 30.50841603230388
x2 10.185 500000 100 1.6 27.083983231052272
x2 10.185 500000 100 1.65 28.336344590795704
x2 10.185 500000 100 1.7 29.521279093102304
x2 10.185 500000 100 2. 35.487593116831995
x2 10.185 500000 100 3. 52.64139766440125
x2 10.185 1000000 100 1.3 43.21915833724068
x2 10.185 1000000 100 1.32 42.40606360722708
x2 10.185 1000000 100 1.35 41.07984805452428
x2 10.185 1000000 100 1.4 38.40580318381205
x2 10.185 1000000 100 1.425 36.651462686285896
x2 10.185 1000000 100 1.45 34.17601916007061
x2 10.185 1000000 100 1.467 30.125623999356847
x2 10.185 1000000 100 1.48 30.047279921090443
x2 10.185 1000000 100 1.5 30.76330937958965
x2 10.185 1000000 100 1.55 32.42649903494176
x2 10.185 1000000 100 1.6 33.971215966186236
x2 10.185 1000000 100 1.7 36.818466115281204
x2 10.185 1000000 100 2. 43.85597896533209
x2 10.185 1000000 100 3. 64.94380022001978
