x4 10.185 100000 100 1.3 13.85399014501606
x4 10.185 100000 100 1.32 13.814523204074264
x4 10.185 100000 100 1.35 13.754723469825473
x4 10.185 100000 100 1.4 13.652861198577757
x4 10.185 100000 100 1.425 13.600573255543862
x4 10.185 100000 100 1.45 13.547144589588237
x4 10.185 100000 100 1.467 13.510058805026661
x4 10.185 100000 100 1.48 13.481236166906005
x4 10.185 100000 100 1.5 13.436023788988564
x4 10.185 100000 100 1.55 13.31749838251802
x4 10.185 100000 100 1.6 13.188848011779939
x4 10.185 100000 100 1.65 13.046134022894309
x4 10.185 100000 100 1.7 12.883187632853687
x4 10.185 100000 100 2. 11.721207852663364
x4 10.185 150000 100 1.3 14.442220733741088
x4 10.185 150000 100 1.32 14.393943408314778
x4 10.185 150000 100 1.35 14.320328128839407
x4 10.185 150000 100 1.4 14.193482755638184
x4 10.185 150000 100 1.425 14.127567275767255
x4 10.185 150000 100 1.45 14.059576906114854
x4 10.185 150000 100 1.467 14.011971076074618
x4 10.185 150000 100 1.48 13.974720438528877
x4 10.185 150000 100 1.5 13.915811262929678
x4 10.185 150000 100 1.55 13.75823014790466
x4 10.185 150000 100 1.6 13.580803461521457
x4 10.185 150000 100 1.65 13.373349986517985
x4 10.185 150000 100 1.7 13.11577041358332
x4 10.185 150000 100 2. 12.556147882074567
x4 10.185 150000 100 3. 14.699722467547275
x4 10.185 200000 100 1.3 14.851717188860105
x4 10.185 200000 100 1.32 14.795566289551312
x4 10.185 200000 100 1.35 14.709476215435052
x4 10.185 200000 100 1.4 14.559622326653438
x4 10.185 200000 100 1.425 14.480881037932713
x4 10.185 200000 100 1.45 14.398945052957401
x4 10.185 200000 100 1.467 14.34109422864849
x4 10.185 200000 100 1.48 14.295526755719129
x4 10.185 200000 100 1.5 14.22287769796006
x4 10.185 200000 100 1.55 14.024379383722458
x4 10.185 200000 100 1.6 13.791330611373386
x4 10.185 200000 100 1.65 13.498970693834956
x4 10.185 200000 100 1.7 13.076265716202732
x4 10.185 200000 100 2. 18.271438426902208
x4 10.185 300000 100 1.3 15.410966463318756
x4 10.185 300000 100 1.32 15.340558401396457
x4 10.185 300000 100 1.35 15.23155648443503
x4 10.185 300000 100 1.4 15.038257446312613
x4 10.185 300000 100 1.425 14.934520419477046
x4 10.185 300000 100 1.45 14.824669235846866
x4 10.185 300000 100 1.467 14.745766088239806
x4 10.185 300000 100 1.48 14.682730800012084
x4 10.185 300000 100 1.5 14.58040575108236
x4 10.185 300000 100 1.55 14.286092120795427
x4 10.185 300000 100 1.6 13.895804429750639
x4 10.185 300000 100 1.65 13.202450530736312
x4 10.185 300000 100 1.7 12.763424320536492
x4 10.185 300000 100 2. 1.3665385853498975
x4 10.185 300000 100 3. 29.603219313087575
x4 10.185 500000 100 1.3 16.068644057378904
x4 10.185 500000 100 1.32 15.972368066415743
x4 10.185 500000 100 1.35 15.820658404935836
x4 10.185 500000 100 1.4 15.541690007393571
x4 10.185 500000 100 1.425 15.385192067170154
x4 10.185 500000 100 1.45 15.212601427799546
x4 10.185 500000 100 1.467 15.083132790976139
x4 10.185 500000 100 1.48 14.97557963380779
x4 10.185 500000 100 1.5 14.791018982766884
x4 10.185 500000 100 1.55 14.125551408765633
x4 10.185 500000 100 1.6 13.309196753168607
x4 10.185 500000 100 1.65 13.613427855252164
x4 10.185 500000 100 1.7 13.895147392819759
x4 10.185 500000 100 2. 15.23469809135375
x4 10.185 500000 100 3. 13.053223498150086
x4 10.185 1000000 100 1.3 16.81255561343508
x4 10.185 1000000 100 1.32 16.653654687550254
x4 10.185 1000000 100 1.35 16.391171553478674
x4 10.185 1000000 100 1.4 15.848713119583033
x4 10.185 1000000 100 1.425 15.482505288530582
x4 10.185 1000000 100 1.45 14.950520444931643
x4 10.185 1000000 100 1.467 14.036654307183388
x4 10.185 1000000 100 1.48 14.01839077887612
x4 10.185 1000000 100 1.5 14.184437021974572
x4 10.185 1000000 100 1.55 14.562824089143897
x4 10.185 1000000 100 1.6 14.90565702102179
x4 10.185 1000000 100 1.65 2.0531087047376175
x4 10.185 1000000 100 1.7 23.99479323605423
x4 10.185 1000000 100 2. 29.202758085344755
x4 10.185 1000000 100 3. 43.39339179230563
