x4 10.185 100000 250 1.3 22.23481897685546
x4 10.185 100000 250 1.32 22.198752500740323
x4 10.185 100000 250 1.35 22.145096372313773
x4 10.185 100000 250 1.4 22.056557828636844
x4 10.185 100000 250 1.425 22.01256070868384
x4 10.185 100000 250 1.45 21.968652976134845
x4 10.185 100000 250 1.467 21.938811786262253
x4 10.185 100000 250 1.48 21.915984298438524
x4 10.185 100000 250 1.5 21.880827722270965
x4 10.185 100000 250 1.55 21.792512045482223
x4 10.185 100000 250 1.6 21.703102663984666
x4 10.185 100000 250 1.65 21.611945295036886
x4 10.185 100000 250 1.7 21.518310475454303
x4 10.185 100000 250 2. 20.84312136694243
x4 10.185 100000 250 3. 0.08774279036607943
x4 10.185 150000 250 1.3 23.38980748590169
x4 10.185 150000 250 1.32 23.34767665015367
x4 10.185 150000 250 1.35 23.28480355204123
x4 10.185 150000 250 1.4 23.18050501550754
x4 10.185 150000 250 1.425 23.128401076592517
x4 10.185 150000 250 1.45 23.076207399118868
x4 10.185 150000 250 1.467 23.04061793448533
x4 10.185 150000 250 1.48 23.013327135199905
x4 10.185 150000 250 1.5 22.97118052718488
x4 10.185 150000 250 1.55 22.864645188013785
x4 10.185 150000 250 1.6 22.75574670689096
x4 10.185 150000 250 1.65 22.643517995599975
x4 10.185 150000 250 1.7 22.52683278338747
x4 10.185 150000 250 2. 21.62274905494121
x4 10.185 150000 250 3. 0.10042923732591551
x4 10.185 200000 250 1.3 24.22015421435691
x4 10.185 200000 250 1.32 24.172860402278424
x4 10.185 200000 250 1.35 24.102108859119095
x4 10.185 200000 250 1.4 23.984244746828143
x4 10.185 200000 250 1.425 23.92511411407868
x4 10.185 200000 250 1.45 23.86570284307072
x4 10.185 200000 250 1.467 23.825083704703545
x4 10.185 200000 250 1.48 23.793874635184032
x4 10.185 200000 250 1.5 23.74556733862713
x4 10.185 200000 250 1.55 23.622833122316756
x4 10.185 200000 250 1.6 23.496361392530687
x4 10.185 200000 250 1.65 23.364819999189468
x4 10.185 200000 250 1.7 23.226598583572308
x4 10.185 200000 250 2. 22.072913921501815
x4 10.185 200000 250 3. 22.529095478244752
x4 10.185 300000 250 1.3 25.40072277956643
x4 10.185 300000 250 1.32 25.344613829029093
x4 10.185 300000 250 1.35 25.260346358982996
x4 10.185 300000 250 1.4 25.119019828102896
x4 10.185 300000 250 1.425 25.047633551882633
x4 10.185 300000 250 1.45 24.975554045303344
x4 10.185 300000 250 1.467 24.92605844249753
x4 10.185 300000 250 1.48 24.887904924090865
x4 10.185 300000 250 1.5 24.828626095423587
x4 10.185 300000 250 1.55 24.676712188577397
x4 10.185 300000 250 1.6 24.517994972541434
x4 10.185 300000 250 1.65 24.350223636978935
x4 10.185 300000 250 1.7 24.170494016874514
x4 10.185 300000 250 2. 22.35288904496429
x4 10.185 300000 250 3. 23.506674419860087
x4 10.185 500000 250 1.3 26.894080586818475
x4 10.185 500000 250 1.32 26.82348722368808
x4 10.185 500000 250 1.35 26.716843736261808
x4 10.185 500000 250 1.4 26.536151506760003
x4 10.185 500000 250 1.425 26.44391253046141
x4 10.185 500000 250 1.45 26.35005305499545
x4 10.185 500000 250 1.467 26.285150534577827
x4 10.185 500000 250 1.48 26.2348555339161
x4 10.185 500000 250 1.5 26.156231493578844
x4 10.185 500000 250 1.55 25.951810870525787
x4 10.185 500000 250 1.6 25.733060849317155
x4 10.185 500000 250 1.65 25.494885038081662
x4 10.185 500000 250 1.7 25.229887992986846
x4 10.185 500000 250 2. 22.417602716331807
x4 10.185 500000 250 3. 16.986699893583523
x4 10.185 1000000 250 1.3 28.897728224454806
x4 10.185 1000000 250 1.32 28.798496986067903
x4 10.185 1000000 250 1.35 28.647012252749246
x4 10.185 1000000 250 1.4 28.385439318415433
x4 10.185 1000000 250 1.425 28.249201772749778
x4 10.185 1000000 250 1.45 28.108424758601487
x4 10.185 1000000 250 1.467 28.00968905638672
x4 10.185 1000000 250 1.48 27.932328390814586
x4 10.185 1000000 250 1.5 27.809791750283747
x4 10.185 1000000 250 1.55 27.480657688597198
x4 10.185 1000000 250 1.6 27.107165478163548
x4 10.185 1000000 250 1.65 26.66510215397351
x4 10.185 1000000 250 1.7 26.103801643907897
x4 10.185 1000000 250 2. 25.234021775629078
x4 10.185 1000000 250 3. 22.06091707223669
