x6 10.185 100000 250 1.3 17.22699197334023
x6 10.185 100000 250 1.32 17.208357988795886
x6 10.185 100000 250 1.35 17.180617473795575
x6 10.185 100000 250 1.4 17.13479384241037
x6 10.185 100000 250 1.425 17.11199950933051
x6 10.185 100000 250 1.45 17.089236866792852
x6 10.185 100000 250 1.467 17.07375790556566
x6 10.185 100000 250 1.48 17.06191235467871
x6 10.185 100000 250 1.5 17.043660921695672
x6 10.185 100000 250 1.55 16.997768732326392
x6 10.185 100000 250 1.6 16.95124510292219
x6 10.185 100000 250 1.65 16.90374606648892
x6 10.185 100000 250 1.7 16.854886311878264
x6 10.185 100000 250 2. 16.500441298704818
x6 10.185 100000 250 3. 0.08774279036607943
x6 10.185 150000 250 1.3 17.81851409593267
x6 10.185 150000 250 1.32 17.797110326812067
x6 10.185 150000 250 1.35 17.76514563779677
x6 10.185 150000 250 1.4 17.71205603286497
x6 10.185 150000 250 1.425 17.685504703719793
x6 10.185 150000 250 1.45 17.658887522595148
x6 10.185 150000 250 1.467 17.64072639518529
x6 10.185 150000 250 1.48 17.626793844342988
x6 10.185 150000 250 1.5 17.605265876256635
x6 10.185 150000 250 1.55 17.550790916539388
x6 10.185 150000 250 1.6 17.49502017352045
x6 10.185 150000 250 1.65 17.43745066695371
x6 10.185 150000 250 1.7 17.377493814892585
x6 10.185 150000 250 2. 16.909378839213215
x6 10.185 150000 250 3. 0.10042923732591551
x6 10.185 200000 250 1.3 18.23776668572747
x6 10.185 200000 250 1.32 18.21401751393931
x6 10.185 200000 250 1.35 18.17845969823845
x6 10.185 200000 250 1.4 18.11914693939283
x6 10.185 200000 250 1.425 18.089354077025405
x6 10.185 200000 250 1.45 18.05939511935305
x6 10.185 200000 250 1.467 18.038898114747475
x6 10.185 200000 250 1.48 18.02314175089247
x6 10.185 200000 250 1.5 17.998739232789955
x6 10.185 200000 250 1.55 17.936665261454944
x6 10.185 200000 250 1.6 17.87258883008417
x6 10.185 200000 250 1.65 17.805821146708848
x6 10.185 200000 250 1.7 17.735528305797764
x6 10.185 200000 250 2. 17.14326327565108
x6 10.185 200000 250 3. 16.986699893583513
x6 10.185 300000 250 1.3 18.825698379821322
x6 10.185 300000 250 1.32 18.797964985638583
x6 10.185 300000 250 1.35 18.75627486370156
x6 10.185 300000 250 1.4 18.686251202374898
x6 10.185 300000 250 1.425 18.650831065142608
x6 10.185 300000 250 1.45 18.615032902067533
x6 10.185 300000 250 1.467 18.590431057902663
x6 10.185 300000 250 1.48 18.571455642438163
x6 10.185 300000 250 1.5 18.541954490888767
x6 10.185 300000 250 1.55 18.46624438671992
x6 10.185 300000 250 1.6 18.386977781353096
x6 10.185 300000 250 1.65 18.30300292776439
x6 10.185 300000 250 1.7 18.21282879853914
x6 10.185 300000 250 2. 17.28792345879599
x6 10.185 300000 250 3. 18.498193801931837
x6 10.185 500000 250 1.3 19.556517270836913
x6 10.185 500000 250 1.32 19.522280014508727
x6 10.185 500000 250 1.35 19.470502391474543
x6 10.185 500000 250 1.4 19.382613904327837
x6 10.185 500000 250 1.425 19.33767196534502
x6 10.185 500000 250 1.45 19.29188703316916
x6 10.185 500000 250 1.467 19.260195689612907
x6 10.185 500000 250 1.48 19.23561895068863
x6 10.185 500000 250 1.5 19.197168018084774
x6 10.185 500000 250 1.55 19.09701515383882
x6 10.185 500000 250 1.6 18.98955018950035
x6 10.185 500000 250 1.65 18.872195263024068
x6 10.185 500000 250 1.7 18.741194704096365
x6 10.185 500000 250 2. 17.32127402400823
x6 10.185 500000 250 3. 16.986699893583513
x6 10.185 1000000 250 1.3 20.516165464574414
x6 10.185 1000000 250 1.32 20.46917175135712
x6 10.185 1000000 250 1.35 20.397327956360296
x6 10.185 1000000 250 1.4 20.272974062961264
x6 10.185 1000000 250 1.425 20.208054342100617
x6 10.185 1000000 250 1.45 20.140862132183837
x6 10.185 1000000 250 1.467 20.09366921518245
x6 10.185 1000000 250 1.48 20.056653718008448
x6 10.185 1000000 250 1.5 19.997953047467902
x6 10.185 1000000 250 1.55 19.83985381868527
x6 10.185 1000000 250 1.6 19.659680318695756
x6 10.185 1000000 250 1.65 19.445355441274938
x6 10.185 1000000 250 1.7 19.171506101768127
x6 10.185 1000000 250 2. 18.743241377798835
x6 10.185 1000000 250 3. 22.04315521434641
