x6 10.185 100000 100 1.3 10.787321621737682
x6 10.185 100000 100 1.32 10.766824915271387
x6 10.185 100000 100 1.35 10.735731154504982
x6 10.185 100000 100 1.4 10.682662197294487
x6 10.185 100000 100 1.425 10.655369665088415
x6 10.185 100000 100 1.45 10.627445751540046
x6 10.185 100000 100 1.467 10.608041346438196
x6 10.185 100000 100 1.48 10.592948554123687
x6 10.185 100000 100 1.5 10.569251371048804
x6 10.185 100000 100 1.55 10.50700207553665
x6 10.185 100000 100 1.6 10.439225737669087
x6 10.185 100000 100 1.65 10.363782205977977
x6 10.185 100000 100 1.7 10.277305706407086
x6 10.185 100000 100 2. 9.649658895493397
x6 10.185 150000 100 1.3 11.09054862789527
x6 10.185 150000 100 1.32 11.065819323828592
x6 10.185 150000 100 1.35 11.02805776551455
x6 10.185 150000 100 1.4 10.962838891288953
x6 10.185 150000 100 1.425 10.928871070453992
x6 10.185 150000 100 1.45 10.893778747674702
x6 10.185 150000 100 1.467 10.869173820056663
x6 10.185 150000 100 1.48 10.849901613453032
x6 10.185 150000 100 1.5 10.81938898394882
x6 10.185 150000 100 1.55 10.73755559421904
x6 10.185 150000 100 1.6 10.645041470532378
x6 10.185 150000 100 1.65 10.536358235885523
x6 10.185 150000 100 1.7 10.400628500954753
x6 10.185 150000 100 2. 10.102635040277608
x6 10.185 150000 100 3. 1.056934244430903
x6 10.185 200000 100 1.3 11.29921224659612
x6 10.185 200000 100 1.32 11.270714570440859
x6 10.185 200000 100 1.35 11.226951838370264
x6 10.185 200000 100 1.4 11.150571564317229
x6 10.185 200000 100 1.425 11.110332228657539
x6 10.185 200000 100 1.45 11.068382732611107
x6 10.185 200000 100 1.467 11.03871658681923
x6 10.185 200000 100 1.48 11.015321183744927
x6 10.185 200000 100 1.5 10.977969890248138
x6 10.185 200000 100 1.55 10.8755897069392
x6 10.185 200000 100 1.6 10.754770893752514
x6 10.185 200000 100 1.65 10.60223651754812
x6 10.185 200000 100 1.7 10.379733742781928
x6 10.185 200000 100 2. 18.246709833552284
x6 10.185 300000 100 1.3 11.581112946818664
x6 10.185 300000 100 1.32 11.545812301130344
x6 10.185 300000 100 1.35 11.491055131495743
x6 10.185 300000 100 1.4 11.3936285787296
x6 10.185 300000 100 1.425 11.341171005470533
x6 10.185 300000 100 1.45 11.28548931523917
x6 10.185 300000 100 1.467 11.245409534944937
x6 10.185 300000 100 1.48 11.213338820036416
x6 10.185 300000 100 1.5 11.1611804103747
x6 10.185 300000 100 1.55 11.010473989338324
x6 10.185 300000 100 1.6 10.809016531415045
x6 10.185 300000 100 1.65 10.446402395151017
x6 10.185 300000 100 1.7 10.213514131633001
x6 10.185 300000 100 2. 18.59697451294488
x6 10.185 300000 100 3. 29.60324191574176
x6 10.185 500000 100 1.3 11.908302773340209
x6 10.185 500000 100 1.32 11.860689038671959
x6 10.185 500000 100 1.35 11.785465711120002
x6 10.185 500000 100 1.4 11.646512122738665
x6 10.185 500000 100 1.425 11.568196681849779
x6 10.185 500000 100 1.45 11.481519706896092
x6 10.185 500000 100 1.467 11.416283760474537
x6 10.185 500000 100 1.48 11.361948394817796
x6 10.185 500000 100 1.5 11.268405016638837
x6 10.185 500000 100 1.55 10.92783147158042
x6 10.185 500000 100 1.6 10.502635202700837
x6 10.185 500000 100 1.65 10.66208267567851
x6 10.185 500000 100 1.7 10.808675910994129
x6 10.185 500000 100 2. 11.49263507298573
x6 10.185 500000 100 3. 34.88658145350224
x6 10.185 1000000 100 1.3 12.273060487266026
x6 10.185 1000000 100 1.32 12.195607083234597
x6 10.185 1000000 100 1.35 12.067122253356077
x6 10.185 1000000 100 1.4 11.799394491522468
x6 10.185 1000000 100 1.425 11.616925598050877
x6 10.185 1000000 100 1.45 11.349270030761012
x6 10.185 1000000 100 1.467 10.881934709825147
x6 10.185 1000000 100 1.48 10.87249352767619
x6 10.185 1000000 100 1.5 10.95818069071354
x6 10.185 1000000 100 1.55 11.15220605353262
x6 10.185 1000000 100 1.6 11.32655392663356
x6 10.185 1000000 100 1.65 24.518107771074828
x6 10.185 1000000 100 1.7 11.634542947970626
x6 10.185 1000000 100 2. 12.333046466224522
x6 10.185 1000000 100 3. 43.39439328677236
