x8 10.185 100000 100 1.3 9.518817734619358
x8 10.185 100000 100 1.32 9.505249573294282
x8 10.185 100000 100 1.35 9.48465429304725
x8 10.185 100000 100 1.4 9.449469082262937
x8 10.185 100000 100 1.425 9.43135685242644
x8 10.185 100000 100 1.45 9.412813570978628
x8 10.185 100000 100 1.467 9.399920861897067
x8 10.185 100000 100 1.48 9.389888511753153
x8 10.185 100000 100 1.5 9.37412961300269
x8 10.185 100000 100 1.55 9.332691273943608
x8 10.185 100000 100 1.6 9.287503821279794
x8 10.185 100000 100 1.65 9.237117956361146
x8 10.185 100000 100 1.7 9.179251000488243
x8 10.185 100000 100 2. 8.755516357088762
x8 10.185 100000 100 3. 9.243332172614446
x8 10.185 150000 100 1.3 9.71879814623866
x8 10.185 150000 100 1.32 9.702540634673248
x8 10.185 150000 100 1.35 9.677697926350287
x8 10.185 150000 100 1.4 9.63474137499937
x8 10.185 150000 100 1.425 9.612343143838254
x8 10.185 150000 100 1.45 9.589185101982647
x8 10.185 150000 100 1.467 9.572936817218512
x8 10.185 150000 100 1.48 9.56020348156593
x8 10.185 150000 100 1.5 9.540032188756399
x8 10.185 150000 100 1.55 9.485863192596744
x8 10.185 150000 100 1.6 9.424499648252583
x8 10.185 150000 100 1.65 9.352240739090192
x8 10.185 150000 100 1.7 9.261737795192865
x8 10.185 150000 100 2. 9.061994289523865
x8 10.185 150000 100 3. 8.615341397531706
x8 10.185 200000 100 1.3 9.855618955215771
x8 10.185 200000 100 1.32 9.836970674191948
x8 10.185 200000 100 1.35 9.808309947075749
x8 10.185 200000 100 1.4 9.758220627560613
x8 10.185 200000 100 1.425 9.731797519442326
x8 10.185 200000 100 1.45 9.704226116218969
x8 10.185 200000 100 1.467 9.684712314061473
x8 10.185 200000 100 1.48 9.669313935329232
x8 10.185 200000 100 1.5 9.644713060037617
x8 10.185 200000 100 1.55 9.577174522983425
x8 10.185 200000 100 1.6 9.497267333240632
x8 10.185 200000 100 1.65 9.396062647023266
x8 10.185 200000 100 1.7 9.247779147955084
x8 10.185 200000 100 2. 9.28348535559911
x8 10.185 200000 100 3. 9.608440117104237
x8 10.185 300000 100 1.3 10.039463696405479
x8 10.185 300000 100 1.32 10.016503685642924
x8 10.185 300000 100 1.35 9.980854385158578
x8 10.185 300000 100 1.4 9.91732012176622
x8 10.185 300000 100 1.425 9.883055083780249
x8 10.185 300000 100 1.45 9.846640482716094
x8 10.185 300000 100 1.467 9.820401638336127
x8 10.185 300000 100 1.48 9.799388878509548
x8 10.185 300000 100 1.5 9.76518281100049
x8 10.185 300000 100 1.55 9.666122491273326
x8 10.185 300000 100 1.6 9.533171852365612
x8 10.185 300000 100 1.65 9.292291965387973
x8 10.185 300000 100 1.7 9.136485748810985
x8 10.185 300000 100 2. 0.7025471390895945
x8 10.185 300000 100 3. 10.681404304084003
x8 10.185 500000 100 1.3 10.251447513673021
x8 10.185 500000 100 1.32 10.220690261249674
x8 10.185 500000 100 1.35 10.172035158636163
x8 10.185 500000 100 1.4 10.081953758542655
x8 10.185 500000 100 1.425 10.031064815923914
x8 10.185 500000 100 1.45 9.974642101545149
x8 10.185 500000 100 1.467 9.932106210449005
x8 10.185 500000 100 1.48 9.89663148729835
x8 10.185 500000 100 1.5 9.835458751691528
x8 10.185 500000 100 1.55 9.611657285051177
x8 10.185 500000 100 1.6 9.32978202878217
x8 10.185 500000 100 1.65 9.435812829194445
x8 10.185 500000 100 1.7 9.532946618779118
x8 10.185 500000 100 2. 9.981883530760415
x8 10.185 500000 100 3. 13.369010939544843
x8 10.185 1000000 100 1.3 10.486062399425029
x8 10.185 1000000 100 1.32 10.436391408071017
x8 10.185 1000000 100 1.35 10.353819136740164
x8 10.185 1000000 100 1.4 10.181050211264894
x8 10.185 1000000 100 1.425 10.062738703441186
x8 10.185 1000000 100 1.45 9.88834788856293
x8 10.185 1000000 100 1.467 1.070427926658515
x8 10.185 1000000 100 1.48 9.575129347580685
x8 10.185 1000000 100 1.5 9.631670674661722
x8 10.185 1000000 100 1.55 9.759293570630751
x8 10.185 1000000 100 1.6 9.873500077563904
x8 10.185 1000000 100 1.7 10.07418187728522
x8 10.185 1000000 100 2. 10.5244780067955
