x8 10.185 100000 250 1.3 15.163427224957546
x8 10.185 100000 250 1.32 15.151124418004846
x8 10.185 100000 250 1.35 15.132802552217617
x8 10.185 100000 250 1.4 15.102521026596962
x8 10.185 100000 250 1.425 15.087450575193063
x8 10.185 100000 250 1.45 15.072395825260315
x8 10.185 100000 250 1.467 15.06215551311417
x8 10.185 100000 250 1.48 15.054317396487194
x8 10.185 100000 250 1.5 15.042237882031626
x8 10.185 100000 250 1.55 15.011850177540078
x8 10.185 100000 250 1.6 14.981023859950307
x8 10.185 100000 250 1.65 14.949528978181236
x8 10.185 100000 250 1.7 14.917108841512112
x8 10.185 100000 250 2. 14.681213675091309
x8 10.185 100000 250 3. 0.0940783329175991
x8 10.185 150000 250 1.3 15.552273956669154
x8 10.185 150000 250 1.32 15.538261015791743
x8 10.185 150000 250 1.35 15.517325581839783
x8 10.185 150000 250 1.4 15.48253351848994
x8 10.185 150000 250 1.425 15.46512302551461
x8 10.185 150000 250 1.45 15.447663198498958
x8 10.185 150000 250 1.467 15.435746563661253
x8 10.185 150000 250 1.48 15.426602349247537
x8 10.185 150000 250 1.5 15.412469411041123
x8 10.185 150000 250 1.55 15.376688142411808
x8 10.185 150000 250 1.6 15.340026940569576
x8 10.185 150000 250 1.65 15.302152535176232
x8 10.185 150000 250 1.7 15.26267448524192
x8 10.185 150000 250 2. 14.953265140237612
x8 10.185 150000 250 3. 0.10767994770902183
x8 10.185 200000 250 1.3 15.82592236242087
x8 10.185 200000 250 1.32 15.810463597398815
x8 10.185 200000 250 1.35 15.78730845011674
x8 10.185 200000 250 1.4 15.748659762841875
x8 10.185 200000 250 1.425 15.729234471188763
x8 10.185 200000 250 1.45 15.709692882853764
x8 10.185 200000 250 1.467 15.69631825189536
x8 10.185 200000 250 1.48 15.686034344942858
x8 10.185 200000 250 1.5 15.670103223305032
x8 10.185 200000 250 1.55 15.629553389438046
x8 10.185 200000 250 1.6 15.587658479023569
x8 10.185 200000 250 1.65 15.543964521288451
x8 10.185 200000 250 1.7 15.497919106099344
x8 10.185 200000 250 2. 15.10811927592125
x8 10.185 200000 250 3. 15.669578555756532
x8 10.185 300000 250 1.3 16.207036612757314
x8 10.185 300000 250 1.32 16.18912644129371
x8 10.185 300000 250 1.35 16.162190625991027
x8 10.185 300000 250 1.4 16.116915456802825
x8 10.185 300000 250 1.425 16.093997304432815
x8 10.185 300000 250 1.45 16.07082386792456
x8 10.185 300000 250 1.467 16.054891748684252
x8 10.185 300000 250 1.48 16.04259972125835
x8 10.185 300000 250 1.5 16.023482902474424
x8 10.185 300000 250 1.55 15.974387860171957
x8 10.185 300000 250 1.6 15.922932678620858
x8 10.185 300000 250 1.65 15.868360437743117
x8 10.185 300000 250 1.7 15.80968947929559
x8 10.185 300000 250 2. 15.203634314379926
x8 10.185 300000 250 3. 16.20772779018032
x8 10.185 500000 250 1.3 16.676654151671794
x8 10.185 500000 250 1.32 16.654752865723598
x8 10.185 500000 250 1.35 16.621612372671915
x8 10.185 500000 250 1.4 16.565309145723408
x8 10.185 500000 250 1.425 16.536493746640833
x8 10.185 500000 250 1.45 16.507120462781753
x8 10.185 500000 250 1.467 16.486778889710184
x8 10.185 500000 250 1.48 16.470998131283164
x8 10.185 500000 250 1.5 16.446298127284653
x8 10.185 500000 250 1.55 16.38190525167211
x8 10.185 500000 250 1.6 16.312717063297082
x8 10.185 500000 250 1.65 16.237048994878652
x8 10.185 500000 250 1.7 16.152443930324587
x8 10.185 500000 250 2. 15.225625956103965
x8 10.185 500000 250 3. 16.915175173254237
x8 10.185 1000000 250 1.3 17.286713512654078
x8 10.185 1000000 250 1.32 17.257007621097674
x8 10.185 1000000 250 1.35 17.2115603372398
x8 10.185 1000000 250 1.4 17.132801916438588
x8 10.185 1000000 250 1.425 17.091637091264065
x8 10.185 1000000 250 1.45 17.04899683792819
x8 10.185 1000000 250 1.467 17.019026929724387
x8 10.185 1000000 250 1.48 16.995507900898538
x8 10.185 1000000 250 1.5 16.95818808390248
x8 10.185 1000000 250 1.55 16.85753783468523
x8 10.185 1000000 250 1.6 16.74258959842593
x8 10.185 1000000 250 1.65 16.605509368695728
x8 10.185 1000000 250 1.7 16.429807053922193
x8 10.185 1000000 250 2. 16.153767068826745
x8 10.185 1000000 250 3. 16.986699893583477
